 4042814
 1398763
 567904
 5199692
 2171139
 688594
 4181554
 2150333
 1372001
 1348348
 3602581
 978052
 2266908
 4171850
 3478568
 3269182
 813281
 1733841
 1743017
 591750
 1285832
 1797884
 924589
 13183780
 4082520
 5565705
 4818024
 10310345
 1307380
 2518636
 1613259
 559445
 1615462
 862517
 918565
 592084
 2427462
 16428733
 541343
 1001690
 2033247
 8646867
 434320
 981787
 1915296
 1285779
 1641912
 853373
 1162437
 756272
 1277622
 1709474
 2476650
 1431945
 3849257
 1633071
 962763
 552400
 12615865
 2778167
 8466707
 567811
 2960162
 12247776
 13464822
 14678013
 4161573
 1474607
 4232232
 481353
 1427259
 595752
 361180
 4344945
 2639630
 13218269
 5251272
 561160
 424684
 16400310
 685344
 602427
 3725863
 350639
 1104148
 10973507
 4180042
 15312191
 1136580
 5277544
 1183336
 12519233
 1535649
 3620570
 1640892
 11135202
 1065050
 470625
 3943906
 6105825
 6918532
 1085087
 1529738
 766595
 1520028
 5120265
 2185974
 3979660
 13519300
 778196
 1119476
 2668265
 672069
 588775
 8352125
 11687305
 913772
 2556753
 3090126
 3493938
 510080
 15561690
 15679012
 727667
 4794190
 2874863
 3039773
 540204
 11955008
 4785332
 278575
 1617378
 2844799
 677049
 16061591
 3613579
 3131301
 3381229
 1389869
 1226708
 16663576
 1585539
 1102936
 12028424
 1898543
 670963
 13106546
 842359
 3894669
 556679
 4870902
 1028532
 533950
 2662565
 8321074
 4720890
 537198
 4304206
 1492685
 5461544
 687823
 896831
 3953791
 8674614
 470607
 849439
 15830356
 651000
 1557689
 1874416
 1192672
 11609468
 1553075
 619323
 846191
 1002460
 1420093
 11467071
 5811576
 2637555
 12445945
 11005642
 557590
 566425
 493142
 765893
 1362883
 1614093
 4017971
 4305404
 1290801
 827441
 3984672
 995316
 1325824
 800160
 3972588
 3336572
 399796
 10513312
 1973219
 805998
 15932319
 2019958
 4165264
 4205208
 3712942
 468788
 536076
 821014
 2583838
 3182874
 2083869
 493726
 4445217
 2134813
 1545480
 980414
 571619
 1200516
 1335322
 631663
 11196769
 2149235
 724970
 4310172
 13823084
 3756324
 3402691
 3632831
 4321956
 3950074
 3961794
 16226003
 8464687
 4478754
 730259
 2298142
 4293736
 10263137
 1196272
 767379
 2763979
 943646
 1065338
 3656765
 898052
 256336
 3337805
 1095810
 3261781
 9764820
 1374411
 14497433
 5784429
 4170645
 5703532
 3886598
 1432667
 1394904
 2577585
 978885
 1647701
 1722283
 1032903
 1161469
 1607448
 1900848
 5217975
 12163931
 2626848
 1212651
 931197
 7743618
 3393329
 1042015
 853041
 15464611
 1782364
 1829320
 10268504
 5605759
 3544671
 5072291
 2027245
 3204364
 2538493
 1918694
 1553392
 4306938
 403815
 1229637
 2105323
 1554340
 9033801
 536643
 3977219
 435950
 1027720
 14392104
 1663266
 3991919
 4132005
 8250435
 329188
 720909
 650027
 4391197
 704943
 11992303
 1273289
 3160836
 1127932
 1099233
 776005
 726864
 5936616
 3484116
 3287137
 1256315
 556272
 752204
 9006129
 1002840
 1629848
 1357346
 1074030
 3392867
 1464181
 2045158
 1184621
 1937980
 3902997
 13193896
 892873
 4181519
 16232290
 2188958
 563290
 2113946
 689394
 4242453
 4693483
 1344981
 16110179
 584493
 1192524
 576106
 428845
 1140219
 744900
 888023
 930160
 845314
 889352
 1178232
 1108624
 2247059
 1002594
 16254689
 14388075
 595761
 4248068
 634497
 16645676
 1186212
 2268274
 1595247
 9957409
 883012
 656813
 704636
 15346966
 1224693
 2187410
 6087795
 1131062
 2416309
 1558627
 2845878
 4631173
 906899
 1547243
 1778358
 12516634
 1813299
 9697349
 614982
 781783
 905505
 526165
 757677
 13722794
 1210603
 13519317
 492692
 432035
 11300724
 8056931
 380795
 5319147
 10756422
 3381760
 919819
 16283851
 733944
 641839
 1119372
 5288217
 5273542
 16772056
 2996397
 853432
 875639
 1404896
 13070185
 2359357
 1221187
 2458011
 1920395
 2936903
 1545998
 5444662
 2269971
 974203
 2672888
 9065981
 602697
 860950
 1661204
 3417787
 672435
 1766467
 4774170
 843434
 5666674
 567705
 1165263
 545980
 987289
 861056
 2182886
 995945
 1424111
 2212572
 1320813
 1354480
 2617787
 14131193
 427208
 1811741
 1070674
 14499437
 1242664
 15300132
 517934
 3504629
 1227275
 1797348
 5710326
 2287516
 600827
 759893
 896785
 4159888
 857591
 10972834
 2014209
 522898
 1348212
 3192630
 1512122
 1251256
 11975656
 5389418
 761426
 723925
 14667866
 2407933
 1717570
 724979
 987430
 3776712
 2257591
 2975710
 1365195
 2768307
 2993790
 11267041
 16130950
 636204
 1062634
 1233342
 3792494
 534567
 840452
 2761000
 13026686
 3141769
 1007740
 566644
 10504325
 1460847
 1112236
 3104227
 2078475
 1595749
 15742986
 2003513
 1144821
 6695648
 1054880
