 220377
 162823
 7286990
 2420046
 193673
 258940
 375423
 623747
 522817
 400363
 423737
 204020
 1858904
 341110
 2411834
 386437
 187839
 1219366
 229863
 1195239
 202973
 551592
 2146031
 271640
 167907
 1291762
 900677
 291887
 1873100
 506593
 84768
 4507475
 1393336
 1147965
 505823
 94708
 256032
 3825224
 2265266
 157707
 160352
 1745364
 200354
 164801
 4143115
 47462
 3573152
 1337051
 281840
 4798818
 291132
 671611
 143933
 459909
 644637
 7430470
 227868
 279720
 175057
 600673
 157817
 318100
 337162
 783582
 848956
 919409
 2235446
 451681
 1294695
 1713173
 410662
 166630
 690709
 816032
 124581
 390728
 202555
 1932217
 4555572
 256450
 2565847
 1013729
 587117
 161015
 1281290
 376444
 1360711
 531980
 403314
 415332
 413617
 389417
 398497
 475538
 141136
 163677
 1821524
 290268
 360205
 1082434
 1881382
 394932
 856602
 420752
 840757
 630851
 225310
 127162
 256857
 268093
 559948
 2467771
 329840
 404865
 236090
 2114460
 1209617
 870044
 508542
 310441
 292477
 1563026
 473219
 481828
 2264631
 132738
 294057
 165078
 1899487
 3689333
 210760
 307044
 1360230
 2602951
 2138820
 337200
 1411463
 403652
 266217
 681392
 385419
 333188
 5820541
 355076
 318346
 190052
 293058
 1401493
 4486989
 290590
 529231
 379986
 218103
 434126
 4516836
 310139
 866858
 689948
 97620
 893780
 362425
 1810270
 1964383
 582334
 4328745
 101186
 1660755
 2416211
 5851047
 333417
 414113
 5459557
 1018895
 784243
 4645160
 1257097
 871639
 222516
 1160512
 691960
 180624
 378353
 315275
 1140475
 4508910
 496665
 207445
 357747
 707833
 418804
 281140
 133661
 168913
 349391
 130323
 135653
 278613
 267587
 843009
 286127
 281302
 109241
 437495
 337877
 474252
 645753
 584546
 651605
 372980
 1511482
 375973
 780385
 620256
 82010
 4841253
 465685
 119344
 112663
 185913
 348363
 139866
 290676
 206223
 3324046
 869779
 224380
 1058937
 669267
 455544
 661214
 620250
 1152754
 216660
 1962091
 240488
 680206
 1876875
 563383
 401371
 647671
 269024
 379505
 856651
 5465798
 412976
 290996
 1078718
 378945
 226298
 1955902
 675062
 1029121
 543924
 268310
 201140
 328894
 686448
 140677
 2101233
 298025
 755818
 1006551
 440613
 386176
 219310
 136263
 626125
 643628
 463269
 369229
 618535
 377498
 932290
 4806240
 646605
 494537
 349853
 409637
 2214112
 145512
 193656
 750322
 349480
 328352
 4026928
 146354
 876602
 194319
 610693
 266322
 257337
 1457085
 4906164
 606306
 937267
 466164
 1855233
 1163099
 510031
 162287
 441559
 393785
 795564
 579167
 1576772
 122526
 95241
 164268
 216633
 4718507
 631956
 2683515
 223391
 634753
 455618
 469780
 3299598
 501406
 484739
 169458
 561574
 1520962
 404080
 287611
 1483068
 181079
 128412
 1017782
 896876
 1663315
 523639
 135801
 505595
 255938
 901577
 105939
 1362322
 292015
 2328835
 335065
 1151850
 1431363
 1111562
 306067
 1133892
 656598
 413731
 235141
 1542871
 1051848
 156789
 2948192
 59933
 272711
 541924
 724600
 315316
 180096
 1078031
 643219
 183603
 3159539
 3443610
 131522
 345928
 1727817
 127283
 153283
 709276
 2662906
 408686
 363491
 300880
 187548
 199327
 514206
 683697
 397798
 1222251
 558109
 189416
 454092
 180674
 258413
 272801
 1829035
 269339
 185630
 2258854
 3482906
 1344580
 475145
 1735909
 574548
 1218870
 405957
 1184156
 304183
 640160
 1030214
 709086
 744439
 142102
 352532
 2876503
 4277379
 1974742
 1957216
 4186773
 448011
 1083632
 396492
 507465
 430107
 314699
 248507
 146907
 1214205
 629697
 1545939
 4092617
 439332
 219168
 248103
 601935
 491960
 235870
 1415894
 317389
 1802217
 1261716
 1216077
 682934
 2306455
 823097
 1461466
 515669
 522278
 187255
 214482
 651501
 909593
 628558
 190203
 1501870
 305768
 266689
 122821
 350606
 394588
 455780
 85234
 1198841
 108553
 531908
 226984
 3384936
 669831
 2954799
 157406
 137963
 105444
 90460
 244145
 261701
 248115
 986446
 541277
 338191
 295865
 685408
 483147
 4090839
 173479
 178063
 277334
 217440
 179805
 558861
 530984
 239263
 628099
 382712
 366804
 747172
 787993
 1847132
 242016
 200189
 486189
 125742
 715752
 1794323
 1599259
 1740304
 240440
 247144
 224658
 172734
 836276
 1058570
 1396489
 526586
 298584
 504683
 206904
 394077
 2372649
 603267
 262754
 979305
 455972
 804544
 634608
 124770
 307887
 728942
 1150666
 94266
 313974
 279127
 315267
 1268223
 1781798
 257584
 227567
 171646
 780848
 762862
 166722
 695139
 190426
 816715
 442802
 1845384
 475331
 503525
 2323664
 1736455
 271980
 1134776
 490394
 432052
 2351982
 456627
 255243
 896022
 469003
 245118
 522755
 288286
 190937
 443795
 2250855
 2197360
 222595
 353144
 651878
 331726
 690650
 658218
 1565622
 320873
 193621
 466677
 1050332
 468735
 305973
 183629
 251035
 507987
 706739
 536588
 1221011
 147658
 485060
 2144669
 283510
 73631
 248899
 357960
 402916
 330985
 1536645
 635431
 2227325
 386615
 225311
 984693
 4756676
 381771
 1149122
 189168
 212904
 442844
 1383918
 283406
 344339
 446998
 294245
 1143382
 400318
 220690
 108239
 1824348
 202463
 224447
 245351
 319975
 423589
 508148
 413461
 112075
 153547
 143189
 218018
 147854
 147219
 748662
 157297
 75029
 1028528
 182664
 320879
 1331779
 162669
 190373
 299744
 2079532
 493728
 161192
 1076824
 362889
 1671362
 864288
 1559880
 516030
 1109977
 132196
 809671
 504376
 315149
 7217401
 145257
 1953946
 126846
 130514
 563779
 322959
 2623868
 392570
 162692
 149192
 5657749
 903495
 1673085
 114758
 81802
 136511
 449639
 565927
 1123945
 176733
 326398
 1946401
 1014465
 487803
 292952
 5730796
 441278
 425992
 257238
 207473
 2386249
 188849
 455920
 397957
 940573
 419288
 277878
 308473
 325073
 439253
 201699
 871206
 426766
 638263
 340747
 121949
 884868
 183899
 1694594
 193556
 220962
 1686755
 2418253
 202127
 956677
 367591
 1080543
 470676
 156886
 396915
 3405611
 1120730
 190609
 974409
 120048
 265648
 270161
 388983
 3453611
 200140
 372860
 236560
 3605252
 236237
 242161
 388978
 534104
 316377
 361097
 563424
 954017
 245301
 395003
 293270
 115432
 819034
 201799
 622598
 193201
 1108041
 1419979
 443022
 397453
 1164747
 488297
 1874819
 705448
 224640
 1973333
 926021
 574095
 185443
 133348
 5632725
 120728
 985068
 310581
 325844
 4277094
 300805
 1232167
 418130
 179914
 162552
 1189472
 424715
 944327
 822821
 569912
 445992
 322392
 823162
 563263
 640598
 401643
 582253
 884791
 2083177
 545577
 952795
 532936
 544213
 200954
 923381
 285466
 305696
 4656667
 874022
 1286989
 2378496
 1701015
 91235
 2205787
 2376507
 4786021
 711225
 1754661
 2559698
 502781
 916281
 314496
 237491
 2048309
 316192
 234965
 714567
 725135
 628144
 329712
 1003299
 304713
 802816
 2062578
 629751
 767734
 1625058
 180877
 787975
 1739429
 1067971
 308628
 326034
 167196
 636572
 2101748
 207338
 1752651
 627069
 364617
 404855
 2208379
 278285
 153581
 336772
 1247191
 604354
 2182436
 217808
 970143
 287438
 616784
 1589057
 323567
 152459
 645953
 154522
 297456
 2473320
 975840
 3886769
 44577
 92685
 209122
 563039
 358300
 1096418
 670699
 1886333
 1655246
 216865
 259437
 1212529
 2255250
 590511
 470622
 204320
 814595
 289779
 1388238
 127496
 603711
 3587643
 194014
 507924
 294497
 2020958
 696168
 4377321
 184559
 160615
 261727
 163062
 355647
 269234
 508028
 3451860
 2112175
 219588
 1283708
 172664
 158136
 162917
 224515
 447481
 201710
 148133
 231680
 288539
 3703638
 107385
 411108
 2539195
 272337
 1574532
 137832
 67381
 368984
 3435510
 135276
 276127
 245758
 1999888
 497902
 1269586
 3036753
 379233
 523048
 5057649
 458559
 531627
 265190
 365937
 2076646
 252413
 1422384
 178961
 1260095
 356818
 2248676
 156241
 446089
 2269034
 202979
 342375
 5499092
 410615
 337045
 199422
 258424
 544564
 451466
 626190
 5337808
 517491
 231517
 338601
 3178616
 302046
 3088802
 391796
 720437
 2536044
 1493846
 4174396
 504389
 151241
 244189
 219037
 137647
 3085035
 404312
 381923
 1582956
 431345
 131005
 750204
 665290
 1016178
 724600
 3578927
 190614
 544119
 3934952
 283178
 361286
 379328
 284501
 5111122
 333675
 377423
 1564988
 366478
 709886
 503321
 451981
 1099481
 5721864
 5594569
 262419
 267825
 870309
 435590
 309899
 148324
 214143
 211707
 1965051
 353217
 606359
 406854
 268985
 195393
 335847
 775215
 142529
 183699
 2400669
 172034
 539786
 601523
 1337119
 124280
 221744
 381685
 835407
 336510
 901915
 178246
 858651
 368593
 1115590
 194380
 1876229
 1519176
 697150
 848389
 426252
 219141
 831270
 650617
 1259776
 290840
 1609410
 3713615
 173740
 273429
 181795
 377956
 198690
 514450
 476924
 134912
 3649461
 612984
 5761899
 727031
 958274
 125603
 344023
 859099
 155985
 2161791
 310461
 2197979
 213698
 113822
 705550
 79569
 424441
 671930
 1590379
 344618
 337830
 443097
 298696
 73060
 5911816
 1808817
 273304
 5487420
 1287887
 1523534
 1023250
 376496
 181157
 271803
 292677
 287293
 211047
 1732818
 1396477
 1013280
 2182166
 3000083
 347309
 2609656
 287861
 3119234
 306077
 637827
 575208
 149682
 362984
 342335
 3786808
 1786855
 88279
 246903
 3770718
 154533
 1063248
 334343
 832726
 1417129
 137422
 1025518
 376015
 489765
 252846
 234351
 230314
 1682361
 587561
 392678
 173009
 767724
 402967
 2027831
 230181
 637887
 435254
 4950845
 599055
 175793
 2244317
 725459
 323889
 1024279
 323010
 4954507
 351018
 1409109
 233866
 362830
 6053969
 145920
 265327
 314452
 355070
 2072645
 728210
 322340
 248707
 2203373
 1102288
 440865
 169232
 4174879
 2986479
 206853
 635701
 253370
 152700
 145211
 291555
 179713
 688658
 993265
 376682
 426323
 439596
 800572
 1519542
 514582
 1060692
 812895
 607353
 1619482
 282342
 601160
 268832
 1021420
 1337610
 696381
 263309
 176472
 202146
 84033
 549499
 521371
 1161095
 5326554
 592260
 978967
 633072
 2392279
 305819
 252031
 2066389
 121551
 206953
 481991
 137547
 128257
 153924
 565205
 180334
 447540
 470888
 1089843
 220176
 258966
 743255
 2112190
 908852
 240436
 147924
 708186
 268900
 554535
 595057
 869812
 828216
 1102076
 328918
 623038
 685070
 868095
 514343
 729535
 5984358
 4750807
 709407
 851607
 482978
 170280
 938655
 3145834
 475565
 5909498
 252158
 1260863
 989359
 306782
 1136155
 462084
 150767
 402935
 925961
 328169
 215873
 2470656
 169678
 300856
 187961
 327392
 482490
 299603
 392815
 695536
 603074
 222768
 347788
 4751966
 182938
 499958
 297276
 619691
 1433128
 273758
 3389932
 92708
 369033
 239869
 3853471
 481062
 1906592
 351007
 121479
 2183496
 2053664
 5859835
 2462668
 3475219
 442710
 1144753
 429654
 2420737
 230646
 309252
 1661623
 544579
 329865
 920983
 4995076
 217526
 173720
 586459
 359477
 498006
 664108
 788890
 210655
 454989
 152249
 502026
 315848
 271492
 3913452
 612059
 448355
 1052561
 107819
 1886674
 757204
 420947
 213658
 165008
 301642
 2076370
 666905
 298213
 3597707
 995587
 143875
 974858
 120478
 511848
 1709573
 637812
 3731412
 136960
 193909
 252110
 215869
 1110397
 149634
 4497725
 477959
 531765
 482712
 224373
 463765
 2923323
 740821
 1081737
 441185
 337333
 3606819
 1192165
 2096585
 214146
 484608
 1155436
 137392
 648749
 299162
 452302
 5550003
 5313140
 675568
 112517
 243142
 338907
 211958
 329420
 4729865
 168466
 219224
 1749279
 387595
 184695
 2325112
 1293128
 3896963
 1244505
 752960
 3912516
 642889
 722120
 2134127
 376580
 257249
 439599
 3516892
 1081614
 915223
 262498
 332242
 323118
 247879
 330068
 579062
 314877
 127035
 2083160
 269568
 369228
 829012
 239679
 307662
 230146
 810791
 195307
 990980
 269657
 452972
 1461302
 483645
 146733
 312728
 136449
 598790
 84400
 157136
 291902
 135836
 331197
 585573
 429339
 278499
 3575935
 282536
 863807
 353515
 802376
 281475
 483200
 282795
 1104252
 359449
 508073
 263876
 236100
 399755
 1121151
 314932
 745868
 200078
 208185
 735287
 644721
 260879
 237949
 961852
 873526
 3822276
 226122
 642376
 309980
 391404
 3557588
 74493
 190408
 264536
 718953
 600674
 304794
 1956846
 113692
 643944
 568864
 191308
 555611
 532035
 577644
 222433
 347133
 2368639
 1076222
 566428
 639182
 172096
 423247
 215709
 4098795
 4345265
 159121
 2047129
 397385
 163747
 644831
 302025
 2584145
 241202
 2906059
 608216
 184830
 529262
 402042
 2392250
 1645894
 1558727
 1245312
 539285
 244305
 559127
 645320
 1596308
 117981
 129210
 605889
 135289
 422711
 448413
 662942
 194302
 286650
 2068112
 507862
 303761
 4707534
 4937613
 145021
 229826
 282426
 1007665
 161687
 1331812
 161051
 542035
 309048
 358250
 833781
 1315244
 551405
 428590
 116706
 421050
 1773321
 414956
 126343
 143555
 874392
 4420475
 344538
 5810514
 353581
 4918639
 449210
 276115
 1589921
 1647396
 963209
 1748128
 502772
 431525
 3705281
 131611
 593732
 128756
 567672
 583993
 622426
 164361
 1544565
 570100
 413412
 512856
 2893350
 474338
 729902
 1237496
 1223100
 1265368
 1414066
 364519
 1067422
 2130254
 209629
 201487
 268643
 1782754
 555801
 576149
 545181
 551882
 695366
 185599
 183251
 1878690
 177315
 559596
 1010128
 689919
 254438
 498228
 471548
 181910
 780137
 1793234
 2139552
 674199
 1629632
 1045824
 469803
 473789
 629941
 1459925
 399401
 538209
 139460
 638072
 230696
 795792
 193535
 1809179
 190027
 4638529
 949390
 5709003
 1021775
 320361
 1180976
 367656
 2127113
 338402
 355813
 313176
 64623
 353441
 2067584
 246677
 976501
 485984
 1025045
 172557
 846910
 3773811
 218207
 273857
 2085236
 832542
 328190
 573382
 1959580
 5095556
 582573
 192939
 1989922
 355224
 538860
 177808
 523910
 1167158
 576582
 5182953
 189006
 169632
 876030
 371370
 568097
 319892
 195586
 2183123
 226420
 1615651
 971625
 359061
 2311865
 438694
 523766
 2317359
 651668
 1585152
 471095
 202069
 398439
 196092
 316977
 486827
 235406
 1090378
 333359
 327001
 699648
 117296
 220648
 1218693
 620992
 1797341
 613563
 274764
 372408
 422680
 998282
 202246
 209805
 2002488
 195613
 550500
 508069
 216144
 4700521
 216686
 195893
 756353
 966291
 674806
 351562
 2015256
 462370
 442175
 545771
 595442
 855195
 473940
 415000
 1671793
 280245
 348222
 166809
 882906
 308940
 714588
 454730
 497576
 2462747
 2258206
 356447
 217016
 156971
 1984993
 288993
 580054
 646738
 3466742
 455806
 218909
 568429
 5183780
 265161
 714526
 520766
 235228
 613710
 246802
 111241
 541633
 173596
 589170
 158078
 3731307
 525261
 911212
 663757
 169103
 799584
 1031210
 742305
 855365
 483786
 624542
 1148741
 612886
 145289
 1194455
 236098
 571295
 4861004
 401937
 738492
 347111
 203827
 202077
 1373528
 570083
 436013
 2150194
 450302
 592672
 478870
 285763
 273216
 3529096
 1097124
 239589
 913023
 189690
 371247
 262054
 576421
 553935
 156242
 419481
 2219584
 4041720
 376663
 706172
 473164
 1425998
 1394106
 184229
 1869873
 2046812
 488580
 978937
 204305
 557821
 4609498
 262034
 226670
 1955959
 557229
 437549
 136747
 115050
 352395
 1705673
 263312
 308910
 181751
 1346410
 394873
 733920
 766757
 3848373
 1430898
 218759
 364444
 214886
 254917
 1000151
 1177717
 570751
 221791
 318074
 611469
 1371495
 5274176
 413718
 2326962
 2076189
 550883
 1114153
 2364348
 1148768
 2104058
 141775
 261046
 2339275
 1585344
 185762
 239603
 1654869
 543790
 234488
 359755
 784821
 463612
 582342
 811627
 196921
 148089
 191097
 340082
 177926
 249423
 1518552
 456192
 312009
 268101
 3854247
 1628070
 228351
 572996
 917499
 290946
 556593
 989794
 1604229
 234633
 508577
 250383
 535588
 233079
 233612
 208949
 479386
 413532
 155744
 552953
 2456079
 298921
 358393
 2461688
 535179
 3311772
 155244
 266074
 191575
 952643
 494121
 359179
 526256
 343939
 5370097
 247370
 4663372
 357731
 766582
 3791998
 527279
 420155
 1039008
 1673048
 182071
 162190
 477808
 603911
 306093
 3203195
 498221
 687269
 152246
 364552
 386021
 625143
 308632
 172087
 277027
 5743649
 352601
 2485635
 453092
 5806475
 1045926
 2486727
 628434
 257333
 464241
 1485117
 336503
 224789
 579453
 288705
 142930
 375093
 391662
 829080
 261660
 247541
 278236
 2718855
 357992
 416882
 537654
 879481
 314930
 429789
 583104
 288172
 537552
 164899
 1263434
 340388
 762258
 106513
 894625
 3466602
 329130
 368780
 312391
 509950
 415978
 1113812
 1130574
 405297
 379911
 1078872
 144732
 997659
 3666288
 284539
 356337
 527281
 412365
 4066401
 983205
 269891
 935210
 161014
 330093
 319804
 704512
 278554
 2887157
 253761
 161876
 3514261
 999564
 220158
 423392
 257683
 1706326
 915122
 438753
 669348
 158784
 690755
 2177638
 159871
 292673
 266945
 294329
 1500639
 423877
 267439
 646998
 211056
 3831591
 1276766
 256360
 445733
 929862
 188025
 510330
 357248
 502448
 504102
 501477
 1852820
 4677621
 321530
 294719
 129405
 579488
 260089
 220626
 691364
 136301
 866842
 256195
 186556
 284448
 1773480
 302553
 5777490
 164949
 258252
 639485
 964696
 679101
 475369
 611796
 591885
 416646
 2110866
 1479037
 296516
 295839
 376260
 1651157
 685980
 1714192
 983299
 182658
 1000107
 607559
 190065
 324228
 107024
 207744
 414971
 2937597

