 131
 105
 128
  73
 174
  83
 100
  67
 181
 113
 232
  82
  76
 149
 180
 238
  38
 138
  34
 161
  26
  53
  80
  62
  57
 181
  66
 112
  89
 113
 110
  81
 101
  71
 133
 162
 171
  42
 106
 162
 243
 220
   0
  59
  55
 159
 104
 165
 130
 137
 110
 146
  90
 197
  56
  79
  75
 128
 152
 163
 127
 254
  73
 175
 192
 111
  93
 184
 152
 182
 176
  95
 120
 148
 147
  78
 100
  59
 120
  64
 111
  76
  24
 108
 137
  96
 117
 125
  76
  85
 115
  67
  78
 190
 126
 120
  93
  64
  90
  85
 110
  85
 176
  73
 103
  94
 117
 291
 115
  68
  74
 183
 107
  67
  70
 147
 101
  45
  89
 882
 163
 156
  95
  21
 119
 134
 173
 132
  63
 124
 146
  81
 223
 110
  93
 119
 122
 124
 105
 147
 108
  62
 205
 100
 120
  51
 150
  62
  25
  55
  74
 125
  85
 154
 136
 112
  68
 114
 202
  89
 127
 183
  66
   0
 102
   0
 101
 133
  92
  59
 115
  64
 183
 104
  62
  92
  93
  51
  73
  64
 131
  87
 176
 167
  96
 230
 138
 183
 110
  75
 139
  90
  52
 125
 158
 106
  62
  57
 125
 152
 107
  28
 160
 155
  43
  86
  93
 130
 178
  59
 135
 139
  57
  80
 133
 172
  74
  94
 155
  51
 102
 144
 175
 280
 120
 119
 174
 112
 139
  99
 143
 104
 157
 123
  87
 107
  97
 237
 135
 109
 114
  47
 133
 116
 167
  86
  62
  61
 160
 219
 111
 150
 107
  79
 197
 112
 133
  93
  90
 108
 164
 186
 175
 120
  97
  41
  68
 171
 118
 119
  74
 153
  58
 130
  96
  81
   0
 116
 102
 162
 110
 101
  35
  96
  93
 306
 152
  75
  56
  90
  66
  82
  18
  26
 103
 208
  71
 118
 161
 108
 159
  58
  88
  66
 102
  57
  60
 191
  72
 111
 137
 150
 106
 893
  41
 130
 145
  66
  92
 115
 129
 117
 192
  73
 110
 161
 112
 119
  14
 100
  55
 147
  77
 109
 108
 189
 164
 114
  90
 187
 124
  57
 121
 139
 161
 101
  83
  94
  59
 174
 108
 166
 133
  60
 121
  80
  94
 103
 117
 206
 227
  76
  73
  58
  52
 112
 136
  34
 104
 126
  63
 119
 149
 152
  93
 114
 105
  69
 100
  61
 133
 135
 204
 115
 140
  86
  87
  43
 104
 114
 151
  72
 173
 127
 112
 100
  88
 102
 134
 117
  83
 124
  37
 101
 200
  80
 128
  99
 152
 106
 120
 144
  89
  35
 115
  95
 116
 111
  83
 100
 900
  95
 117
 105
  84
 135
 152
 102
  33
  14
  10
 106
  66
  19
 108
  46
 100
 176
  71
 159
 124
 153
  76
 212
  81
 111
  82
  80
 181
 116
 155
 206
 135
 110
 156
  83
 182
  98
 117
   0
 121
  92
  74
 212
 187
 116
 141
  74
 183
  82
 177
 132
  73
 198
  68
 103
  90
 186
  91
 230
  53
 112
  80
 142
  36
 101
 137
  89
  87
 185
  94
  93
 141
 197
  54
  70
 101
 137
  82
 115
 116
  85
  37
  66
 148
  99
 105
 131
  34
  93
  74
 126
 185
 157
  91
 121
  92
 195
 192
 169
 117
 108
 120
 141
 145
 311
 105
 155
 137
  50
 113
 102
  69
 248
  48
  69
 166
 121
 114
 105
 277
  90
 122
 106
 179
 199
  94
  83
 252
 164
 198
 129
  70
  69
  71
 113
 119
 182
  64
  70
 150
  75
  89
 142
 103
  87
  99
  91
 127
  83
 100
 116
 148
 122
  51
  83
  75
 131
  70
 138
  86
  85
 111
  72
  75
  82
  97
 140
 174
   0
 133
 162
 103
 240
 117
 190
 115
  38
 134
 122
 104
  45
 151
 209
 163
 216
 100
  74
 153
  57
 195
 128
  32
  82
 178
 173
 102
 177
 123
 172
 114
  47
 146
 122
 108
  74
  50
 126
  64
 139
 119
 125
 173
 131
 198
 116
  66
 147
 203
  43
 150
  72
  79
 215
  39
  75
  62
 195
 127
 174
  98
 164
 125
  72
 110
 171
 111
  63
 106
  94
  91
 103
 191
  98
 118
  84
  83
  59
  16
  64
 105
 116
 149
 141
  49
 154
 220
  73
 106
 162
  81
  75
 132
 203
  90
 103
  57
 126
 139
  88
 157
  93
 153
 106
 107
 299
 225
 114
 116
 188
 169
  29
 102
 142
  70
 110
  41
  60
  77
  76
 122
 215
  97
  77
 100
 112
 161
 101
 125
 163
 121
  56
 108
 117
 163
 135
  61
  62
  15
 112
 104
 103
  64
  69
  83
 122
  54
 131
 161
  66
  68
  84
 130
 107
 114
 103
 104
  86
 122
 209
 122
 143
 107
 121
  68
  82
 101
  85
  71
  35
 217
 111
  93
 113
  98
 102
 128
   0
 130
 141
 163
  94
 107
  87
  56
  60
 106
 101
 112
 195
  61
 104
  70
 133
  91
 133
 130
 136
 181
 109
  64
 108
 244
  80
  65
  78
 115
 125
  97
  98
 127
  95
 108
  93
 120
  73
 169
  52
  72
 126
 185
  92
  63
  69
 158
 111
  83
 196
 125
  70
  99
  90
 179
 137
 126
 152
 164
 159
 137
 176
  54
  65
  72
 165
 112
 158
 114
 169
 183
  99
  99
  82
  33
 206
 136
 111
 892
 127
 121
 102
 142
 101
  89
  61
 128
 154
   4
 160
  76
  85
 144
  88
 181
  97
 102
 163
  53
  43
 153
 112
 138
 196
 146
 125
 126
  94
  76
  84
  66
 107
 145
 120
 117
  82
 112
 140
  54
 104
  80
 116
 178
  88
 107
  48
  77
  39
 134
 128
 210
 214
 160
 125
  87
  94
 200
  45
 142
 150
 108
  93
  72
  74
 182
  78
  17
  58
 146
 102
  43
 178
 112
  53
  64
  92
 134
 117
 117
 119
 123
 149
 117
 100
  80
 114
  95
  43
 156
 222
 108
 160
  76
 148
  89
  49
 179
  73
 131
 109
 124
 143
  86
  71
  88
 157
