 249
 232
 244
 191
 368
 229
 286
 191
 317
 273
 297
  90
 287
 190
 197
 277
 357
 122
 242
 236
 275
 315
  68
  41
 298
 334
 254
  83
 241
 180
 262
 193
  79
 275
 104
 269
 343
 245
 294
 108
 271
  93
 304
 307
 357
 354
 122
 211
 233
 264
 295
 285
 249
 315
 376
 204
 145
 294
 239
 303
 322
 383
   0
 377
 370
  51
 362
 255
 287
 325
 201
 249
 350
 344
 367
 274
 260
 277
 254
 279
 336
 277
 227
 314
 197
 318
 167
 120
 198
 302
 166
 269
 225
 306
 317
 253
 255
 301
 337
 271
 365
 334
 257
 260
 370
 241
 193
 244
 152
  76
 283
 245
 367
 265
 309
 271
 425
 136
 350
 307
 181
 356
 244
 278
 388
 115
 227
 202
 319
 219
 320
  10
 177
 243
 394
 221
 231
 129
 144
 200
 240
 385
 375
 161
 370
 247
 357
 340
 190
 306
 224
 273
 301
 298
 170
 284
 368
 182
 223
 179
 258
 112
 313
 236
 207
 254
 291
 177
 281
 239
 174
 256
 201
 319
 295
 200
 367
 416
 327
  66
 314
 261
 234
  84
 342
 264
 206
 306
 891
 317
 274
 373
 255
 326
 249
 250
 262
 924
  98
 274
  83
 142
 282
 323
 887
 161
 233
 237
 290
  18
 140
 157
 250
 340
 284
 409
 161
 266
 166
 360
 138
 286
 251
 291
 211
 353
 235
 157
 240
  32
 237
 313
 278
 261
 346
 239
 231
 389
 248
 172
 283
  88
 148
 151
 144
 334
 277
 308
 386
 140
 263
 263
 313
 385
 222
 250
 404
 149
 285
 164
 213
 150
 886
 137
 321
 355
 261
 137
 193
 180
   0
 164
 381
 266
   0
 223
 148
 318
 240
 317
  72
 215
 264
 137
 343
 182
 275
 329
 116
 264
 272
 358
 280
 240
 216
 111
 257
 286
 226
 273
 168
 363
 250
 169
 275
 231
 319
 340
 315
 327
 198
 130
 216
 149
 258
 414
 160
 305
 214
 185
 350
 308
 234
 229
 270
 213
  45
 223
 238
 246
 309
 134
 182
 370
 356
 340
 304
 263
 119
 153
 222
 203
 353
 298
 157
 236
 320
 298
 117
 165
 186
 187
 208
 305
 317
 354
 368
 309
 231
 242
 240
  84
 168
 160
  80
 281
 224
 280
 247
 287
 162
 406
 379
 228
 185
 353
 241
 297
 458
 243
 222
 174
 170
 283
 210
 291
 207
 278
 338
 225
 229
 175
 160
 311
 280
 158
 343
 208
 143
 351
 353
 235
 301
 318
 310
 271
 248
 221
 257
 289
 314
 221
 300
 222
 214
 228
 397
 871
 275
 255
 288
 440
 393
  58
  65
 158
 237
 316
 348
 398
 322
 159
 220
 171
 320
 274
 249
 225
 307
 170
 183
   0
 136
 216
 246
 259
  33
 216
 221
 339
 306
 289
 204
 360
 342
 163
 321
 154
 155
 235
 262
 138
  35
 201
  58
 135
 160
 175
 241
 257
 293
 306
 258
 128
 280
 142
 257
 331
 117
 369
   0
 316
 300
 268
 223
 248
 285
 286
 309
 205
 256
 129
 110
 160
 341
 256
 904
 194
 910
 186
 161
 189
 322
 238
 286
 272
 301
 211
 276
 208
 114
 427
 341
 333
  33
 161
 156
 269
 184
 244
 255
 405
 284
 258
 284
 280
 206
 157
 256
 203
 201
 190
 162
 320
 245
 280
 273
 116
 213
 182
 354
 341
 413
 237
 193
 267
 252
 225
 262
 316
 197
 286
 255
 200
 161
 330
 187
 184
 384
 335
 276
 339
 341
 423
 245
 176
 232
 292
 253
  89
 256
 390
 225
 338
 241
  92
 199
 377
 131
 249
 280
 130
 267
 356
 207
 158
 237
 206
 206
 223
 324
 347
 330
 336
 223
 362
 163
 261
 242
 241
 191
 212
  55
 238
 214
 242
 204
 375
 279
 274
 282
 453
 280
 196
 374
 217
 214
 193
  66
 213
 216
 884
 371
 220
 349
 221
 254
 361
 253
 197
 275
 203
  54
 207
 330
 171
 255
 226
 334
 265
  91
 206
 355
 364
 256
 173
 361
 236
 366
 906
 293
 304
 299
 207
 130
 404
 351
 151
 246
 232
 308
 897
 281
 231
 281
 168
 385
 178
 233
 234
 250
  53
 108
  40
 218
 138
  10
 361
 313
 287
 224
 210
 219
 352
 312
 273
 297
 270
 220
 208
 292
  47
 212
 207
 308
 253
 242
 279
 311
 199
 105
 295
 307
 260
 440
 343
 268
 272
 355
 262
 187
 204
 312
 287
 115
 272
 158
 301
 172
 411
 152
 924
 300
 866
 343
   0
  33
 333
 237
 283
 199
 281
 235
 258
 178
 302
  51
 332
 201
 256
 259
 271
 199
 342
 318
 148
  84
 223
 218
 186
 130
 331
 192
 297
 180
 231
 337
 361
 157
 223
 286
 362
 237
 363
 205
 221
 335
 209
 184
 217
 352
 162
 444
 267
 243
 305
 299
 299
 239
 321
  94
 311
 179
 304
 201
 254
  76
 110
 230
 263
 231
 332
 201
 207
 265
 233
 123
 271
 130
 221
 155
 277
 277
 340
 221
 284
 312
 321
 210
 282
 293
 199
 281
 268
 205
 287
 289
 191
 255
 323
 365
 308
 163
 232
  23
 275
 293
 108
 311
 275
  87
 145
 274
 248
 106
 347
 268
 399
 267
 264
 328
 283
 186
 348
  94
 305
 168
 321
 260
 345
 315
 288
 434
 354
 367
 224
 302
 397
 285
  10
 347
 343
 346
 288
 314
 230
 167
 324
 478
 881
 143
 217
 299
 289
 275
 223
 307
 226
 317
 333
  64
 258
 104
 403
 237
 291
 152
 236
 163
 354
 410
 159
 118
 317
  39
 183
 234
 183
 880
 370
 373
 206
 269
 217
 255
 181
 220
 224
 113
 221
 128
 102
 168
 188
 180
 284
 229
 188
 291
 267
 352
   0
 295
 180
 275
 311
 332
 291
 225
 302
 379
 236
 372
 333
 290
 242
 271
 106
 243
 205
 328
 276
 171
 511
 133
 111
 353
 264
 255
 236
 235
 253
 298
 269
 258
 205
 221
 167
 283
 148
 174
 238
 151
 297
 246
  41
  78
 173
 271
 235
 311
 134
 171
 418
 236
 226
 885
 191
 251
  96
 210
 204
 397
 221
 194
  93
 213
 145
 391
 892
 264
 295
 285
 212
 100
 119
 160
 262
 290
 168
 263
 168
 323
 275
 261
 207
 387
 351
 385
 178
 349
 175
 246
 276
 162
 170
 166
 274
 282
 143
 301
 242
 236
 203
  70
 364
 320
 185
 228
 309
 301
 218
  99
 354
 254
 195
 404
 332
 215
 198
  39
 267
 233
 277
 148
 334
 292
 166
 237
 212
 222
 348
 377
 101
 282
 184
  21
  30
 191
 171
 202
 304
 240
 188
 161
 312
 203
 258
 339
 119
 225
 246
 281
 239
 168
 237
 334
 254
 260
 274
 233
 157
 386
 182
 264
 197
 303
 246
 309
 289
 266
 315
 286
 245
 215
 376
 233
 221
 124
 230
 189
 257
 195
 351
 367
 286
  13
 233
 116
 259
 256
 183
 204
 278
 345
 212
 266
 178
 290
 175
 207
 307
 262
 304
 191
 290
 330
 302
 248
 341
 402
 165
 292
 257
 379
 337
 410
 298
 196
 183
 212
 263
 106
 170
 201
 344
 286
 234
 182
 432
 882
 355
 247
 292
 334
 140
 336
 129
 163
 250
 238
 327
   8
 302
 273
 214
 292
 161
 272
 298
 107
  84
 248
 315
 206
 191
 106
 247
 250
 296
 251
 212
 371
 191
 222
 168
 208
 292
 221
 249
 278
 321
 169
 303
 209
 264
 184
 257
 288
 238
 231
   0
 187
 136
 310
 275
 235
 298
 408
 383
 308
 296
 236
 214
 389
 194
 346
 206
 116
 183
 240
  99
 268
 251
 220
 380
 277
 168
 199
 241
 305
 177
 234
 340
 198
 164
 188
 337
 262
 192
 347
 353
 340
 883
 314
  86
 300
 189
 276
 251
 264
  63
 322
 225
 421
 245
 205
 159
 200
 376
 204
 296
 159
 201
 352
 316
 346
  97
 294
 344
 147
 352
 393
 398
 308
 402
 314
 239
 112
 141
 292
 182
 371
 273
 350
 226
 284
 196
 286
 401
 324
 336
 261
 318
 257
 204
 263
 250
 316
 293
 345
 227
 302
 248
 151
 177
 248
 147
 360
 342
 235
 263
 311
 295
 210
  89
 208
 374
 158
 211
 308
 310
 888
 253
 170
 217
 313
 201
 237
 469
 238
 293
 216
 294
 236
 314
 233
 182
 318
 279
 335
  58
 260
 188
 388
 126
 227
 361
 382
 152
 281
 204
 289
 248
 244
 235
 456
 218
 257
  79
 206
 255
 371
 158
 406
 403
 330
 148
 310
 412
 288
 180
 361
 351
 273
 226
 292
 191
 229
 169
 189
 301
 189
 216
 194
 175
 202
 292
 210
 281
 909
 178
 194
 260
 204
 315
 347
 229
 280
 218
 127
 255
 199
  46
 212
 232
 341
 241
 267
 262
 338
 341
 316
 156
  84
  25
 188
 304
 306
 260
 224
 229
 129
 272
 306
 275
 411
 141
 129
 251
 151
 241
 361
 148
 156
 267
 330
 258
 161
  13
 369
 321
 278
 270
 416
 167
 232
 179
 155
 134
 338
 271
 175
 200
 259
 301
 289
 220
 159
 269
 204
 170
 175
 314
 271
  70
 159
 190
 280
 262
 466
 139
 204
 273
 288
 342
 200
 206
 291
 241
 321
 200
 415
 159
 316
 142
 244
 857
  70
 201
 174
 257
  75
 180
 235
