 423
 339
 244
 344
 420
 296
 271
 462
 282
 304
 248
 289
 108
 403
 357
 201
 242
 331
 234
 113
 255
 120
 363
 326
 169
 209
 205
 318
 273
 139
 307
 458
 241
 335
 346
 464
 399
 292
 423
 420
 548
 193
 211
 558
 374
 305
 437
 414
 294
 153
 383
 322
 450
   0
 490
 504
 432
 300
 342
 278
 404
 419
 492
 405
 293
 181
 347
 447
 277
 268
 514
 197
 225
 185
 302
 304
 166
 377
 388
 405
 328
 255
 452
 474
 271
 439
 334
 257
 273
 383
 394
 329
 300
 362
 481
 253
 318
 271
 493
 349
 436
 280
 512
 244
 462
 281
 227
 253
 505
 216
 382
 127
 292
 356
 222
 193
 453
 573
 267
 554
 374
 357
 402
 354
 459
 879
 273
 306
 392
 449
 474
 182
 339
 207
 313
 297
 301
 254
 291
 450
 263
 337
 201
 383
 258
 478
 594
 177
 367
 408
 231
 194
 435
 443
 283
 417
 882
 353
 464
 305
 249
 267
 401
 941
 287
 433
 152
 230
 314
 452
 223
 313
 237
 290
  33
 157
 249
 194
 560
 266
 266
 212
 306
 473
 275
 205
 299
 402
 334
 258
 235
 367
 249
 261
 399
 239
 341
 447
 173
 338
 419
 363
 277
 373
 409
 279
 410
 321
 344
 497
 242
 329
 466
 181
 370
 262
 321
 489
 340
 249
 348
   0
 518
 317
   0
 295
 232
 394
 240
 502
 357
 200
 427
 357
 275
 456
 326
 527
 394
 379
 314
 135
 257
 286
 240
 279
 151
 478
 363
 290
 181
 352
 501
 466
 186
 135
 417
 431
 293
 260
 337
 421
 488
 369
 229
 269
 349
 221
 342
 246
 295
 207
 279
 440
 402
 485
 304
 876
 196
 213
 234
 456
 322
 262
 404
 312
 264
 217
 187
 262
 367
 438
 427
 385
 416
 302
 300
 323
 214
 147
 269
 280
 295
 331
 329
 525
 366
 515
 317
 346
 170
 433
 278
 338
 225
 278
 210
 402
 280
 326
 468
 308
 225
 351
 353
 235
 310
 278
 377
 275
 248
 336
 340
 292
 237
 356
 222
 222
 368
 400
 882
 381
 317
 546
 489
 108
 324
 372
 352
 464
 381
 255
 213
 365
 249
 225
 372
 277
   0
 239
 323
 230
 269
 216
 253
 399
 306
 397
 482
 249
 461
 480
 233
 388
 214
 155
 352
 435
  67
 243
 267
 257
 409
 368
 208
 375
 201
 226
 382
 400
 489
 386
 300
 358
 290
 254
 285
 338
 391
 458
 296
 269
 893
 225
 255
 424
 256
 916
 313
 908
 353
 206
 451
 315
 286
 284
 297
 383
 320
 207
 474
 413
 333
  65
 209
 156
 269
 397
 290
 552
 355
 258
 383
 392
 307
 299
 201
 253
 325
 322
 280
 329
 151
 213
 241
 438
 405
 560
 193
 338
 345
 445
 280
 398
 265
 400
 306
 378
 257
 404
 196
 184
 437
 335
 397
 452
 495
 368
 232
 301
 329
 101
 440
 287
 485
 314
 227
 299
 249
 280
 285
 308
 285
 233
 302
 267
 267
 407
 516
 330
 400
 374
 253
 304
 349
 330
 211
 492
 204
 460
 286
 396
 350
 502
 405
 277
 447
 281
 345
 273
 237
 277
 887
 524
 409
 261
 360
 394
 304
 357
 203
 207
 364
 255
 283
 355
 439
 401
 213
 322
 402
 321
 266
 455
 322
 366
 878
 390
 304
 462
 273
 193
 476
 448
 358
 355
 897
 373
 380
 226
 555
 232
 314
 157
 147
 196
 228
 150
 472
 369
 304
 275
 377
 532
 298
 270
 279
 365
 270
 380
 425
 306
 242
 279
 388
 187
 229
 352
 304
 371
 490
 377
 262
 221
 285
 886
 245
 272
 260
 243
 401
 220
 938
 320
 892
 445
   0
 474
 284
 383
 199
 320
 350
 196
 358
 245
 332
 206
 372
 300
 362
 220
 391
 326
 229
 201
 391
 345
 186
 236
 256
 445
 333
 286
 300
 437
 407
 184
 306
 277
 332
 522
 253
 372
 209
 415
 356
 439
 389
 220
 374
 299
 355
 261
 390
 307
 431
 208
 354
 358
 285
 149
 264
 318
 299
 264
 414
 227
 288
 420
 323
 147
 235
 222
 221
 236
 345
 388
 415
 279
 357
 456
 384
 397
 323
 246
 313
 368
 248
 437
 298
 299
 383
 443
 359
 223
 318
 277
 311
 167
 248
 199
 432
 243
 466
 362
 312
 532
 357
 186
 348
 201
 247
 321
 296
 453
 453
 411
 565
 382
 399
 440
 444
 470
 484
 304
 314
 225
 505
 532
 890
 411
 315
 398
 427
 382
 352
 305
 439
 282
 421
 203
 306
 354
 579
 185
 313
 391
 274
 360
 186
 268
 366
 517
 144
 418
 208
 259
 293
 207
 315
 203
 257
 277
 295
 229
 267
 402
   0
 376
 214
 401
 352
 415
 225
 414
 314
 599
 369
 290
 242
 303
 177
 324
 355
 375
 664
 197
 491
 247
 271
 125
 378
 374
 352
 324
 205
 250
 882
 450
 267
 427
 462
 162
  91
 240
 360
 355
 339
 308
 421
 452
 316
 925
 289
 298
 469
 261
 292
 151
 289
 376
 331
 298
 331
 293
 289
 267
 300
 365
 309
 310
 401
 309
 432
 376
 466
 435
 178
 373
 282
 276
 231
 346
 394
 301
 289
 338
 289
 233
 519
 328
 394
 384
 413
 185
 277
 462
 333
 195
 520
 313
 152
 199
 388
 233
 370
 234
 445
 332
 428
 225
 276
 519
 182
 108
  74
 309
 210
 226
 468
 130
 461
 480
 232
 339
 339
 187
 439
 448
 299
 520
 372
 219
 319
 157
 386
 278
 287
 208
 447
 395
 293
 299
 337
 330
 471
 281
 312
 228
 230
 315
 221
 431
 490
 349
 167
 371
 253
 287
 326
 278
 331
 376
 223
 248
 307
 345
 441
 288
 476
 338
 333
 453
 484
 413
 330
 895
 397
 439
 379
 441
 411
 298
 307
 425
 192
 170
 226
 483
 444
 254
 537
 301
 454
 398
 489
 258
 286
 275
 418
 203
 347
 391
 313
 304
 248
 318
 396
 254
 388
 191
 343
 358
 171
 272
 448
 268
 242
 198
 341
 324
 362
 214
 416
 149
 315
 342
 181
 257
 327
 268
 176
   0
 400
 214
 386
 324
 300
 464
 494
 396
 297
 236
 238
 492
 195
 262
 211
 183
 303
 268
 350
 323
 520
 435
 305
 308
 380
 280
 335
 254
 280
 210
 493
 333
 227
 450
 346
 878
 418
 331
 268
 357
 338
 348
 434
 432
 303
 290
 230
 450
 237
 331
 359
 382
 416
 393
 361
 354
 405
 164
 561
 513
 416
 450
 351
 288
 382
 194
 443
 273
 333
 302
 261
 286
 422
 454
 499
 391
 397
 384
 419
 250
 316
 293
 345
 302
 313
 143
 211
 248
 462
 342
 388
 311
 407
 235
 210
 288
 211
 488
 332
 381
 496
 265
 440
 236
 419
 251
 276
 602
 352
 216
 380
 341
 331
 304
 451
 344
 380
  89
 296
 542
 153
 320
 445
 438
 147
 278
 254
 412
 196
 549
 370
 239
 171
 224
 440
 490
 409
 449
 272
 310
 537
 258
 423
 413
 317
 292
 245
 160
 257
 445
 340
 316
 228
 255
 889
 284
 306
 899
 309
 211
 405
 204
 315
 422
 280
 284
 163
 445
 377
 246
 232
 258
 167
 269
 422
 338
 553
 265
 353
 306
 234
 411
 443
 400
 485
 228
 391
 389
 444
 148
 286
 267
 332
 258
 218
  51
 460
 225
 345
 338
 349
 414
 136
 323
 239
 202
 187
 379
 341
 255
 282
 259
 396
 376
 241
 279
 275
 342
 352
 280
 208
 387
 295
 288
 477
 224
 347
 399
 325
 365
 223
 484
 234
 417
 300
 857
 300
 174
 348
 149
 384
