 423
 339
 244
 344
 420
 296
 271
 466
 282
 304
 248
 289
 407
 357
 201
 242
 331
 234
 113
 255
 120
 363
 326
 169
 209
 205
 326
 273
 139
 307
 459
 241
 335
 346
 464
 399
 292
 426
 420
 548
 193
 211
 558
 374
 305
 434
 414
 204
 294
 243
 383
 322
 450
   0
 493
 502
 432
 300
 342
 278
 404
 419
 492
 404
 293
 297
 347
 442
 277
 268
 514
 197
 225
 185
 302
 304
 166
 377
 388
 405
 328
 255
 454
 474
 271
 439
 334
 257
 273
 383
 399
 329
 300
 362
 481
 253
 318
 271
 493
 349
 443
 280
 515
 244
 462
 281
 227
 253
 504
 216
 381
 341
 295
 356
 222
 193
 446
 572
 274
 550
 374
 357
 402
 354
 459
 879
 273
 306
 392
 451
 468
 182
 339
 207
 313
 297
 301
 254
 291
 445
 263
 337
 201
 383
 258
 473
 594
 177
 367
 408
 231
 194
 435
 442
 283
 417
 882
 353
 461
 305
 249
 267
 401
 941
 287
 433
 152
 230
 314
 452
 223
 313
 237
 290
  42
 157
 249
 376
 560
 266
 266
 212
 305
 477
 271
 205
 299
 403
 334
 258
 235
 367
 250
 261
 399
 239
 344
 447
 338
 419
 363
 277
 373
 413
 279
 405
 321
 344
 512
 242
 329
 466
 181
 370
 262
 321
 489
 340
 249
 352
   0
 524
 318
   0
 295
 232
 400
 240
 501
 346
 200
 432
 357
 275
 456
 325
 522
 394
 379
 318
 135
 257
 286
 240
 279
 299
 478
 363
 290
 275
 350
 504
 469
 186
 135
 418
 432
 293
 260
 337
 422
 485
 369
 229
 269
 349
 221
 342
 246
 295
 207
 284
 450
 402
 482
 304
 876
 196
 213
 234
 456
 318
 262
 416
 312
 264
 217
 187
 262
 362
 444
 421
 385
 416
 302
 300
 319
 214
 147
 269
 280
 295
 331
 588
 340
 522
 366
 518
 317
 346
 170
 433
 278
 338
 225
 278
 210
 402
 280
 326
 468
 308
 225
 351
 353
 235
 310
 278
 377
 275
 248
 336
 343
 292
 232
 359
 222
 222
 368
 400
 363
 381
 315
 543
 488
 108
 324
 372
 352
 464
 381
 255
 213
 367
 249
 225
 373
 277
   0
 239
 323
 230
 269
 216
 253
 399
 306
 397
 482
 249
 463
 474
 233
 388
 214
 155
 352
 435
  67
 243
 269
 257
 418
 368
 208
 375
 201
 226
 382
 400
 490
 380
 300
 358
 290
 250
 285
 340
 393
 461
 296
 269
 141
 225
 255
 423
 256
 919
 313
 908
 353
 211
 455
 315
 286
 284
 297
 383
 320
 207
 474
 413
 333
  65
 209
 156
 269
 397
 290
 552
 355
 258
 387
 392
 307
 299
 201
 253
 325
 322
 280
 329
 151
 213
 241
 438
 405
 564
 193
 343
 345
 445
 272
 398
 265
 405
 306
 387
 257
 404
 196
 184
 437
 335
 397
 452
 495
 368
 232
 303
 329
 101
 325
 440
 287
 482
 314
 221
 299
 249
 280
 285
 308
 285
 228
 302
 267
 267
 407
 515
 330
 400
 374
 253
 304
 345
 330
 211
 489
 204
 458
 286
 396
 348
 503
 405
 277
 450
 281
 345
 273
 237
 277
 887
 519
 409
 261
 357
 403
 304
 358
 203
 207
 368
 255
 278
 355
 439
 403
 213
 322
 402
 318
 266
 458
 322
 366
 878
 390
 304
 462
 273
 193
 475
 451
 358
 355
 897
 373
 380
 227
 558
 232
 315
 157
 147
 196
 228
 150
 467
 367
 304
 275
 380
 532
 298
 270
 279
 365
 270
 378
 425
 306
 242
 279
 388
 187
 229
 348
 304
 371
 491
 377
 262
 221
 285
 884
 245
 272
 260
 243
 401
 220
 938
 316
 892
 459
   0
 472
 284
 383
 199
 320
 353
 196
 358
 245
 332
 206
 370
 300
 362
 220
 391
 326
 232
 201
 391
 345
 186
 236
 256
 445
 333
 286
 300
 434
 409
 184
 306
 277
 332
 525
 253
 372
 209
 417
 349
 439
 389
 220
 368
 299
 355
 261
 390
 307
 431
 208
 356
 358
 285
 149
 264
 318
 299
 264
 414
 227
 288
 418
 323
 147
 235
 222
 221
 236
 345
 388
 415
 279
 357
 456
 384
 403
 323
 246
 311
 368
 248
 437
 298
 299
 381
 443
 359
 223
 318
 277
 311
 167
 248
 199
 432
 243
 466
 362
 312
 531
 357
 186
 348
 201
 247
 321
 296
 453
 451
 411
 566
 382
 399
 440
 444
 470
 493
 304
 314
 222
 512
 528
 890
 409
 317
 398
 433
 382
 352
 304
 439
 282
 422
 203
 306
 354
 573
 185
 313
 391
 274
 360
 183
 270
 366
 517
 257
 208
 260
 293
 207
 315
 203
 257
 277
 295
 229
 267
 405
   0
 379
 214
 401
 352
 412
 225
 414
 314
 611
 369
 290
 242
 303
 177
 324
 353
 375
 654
 200
 498
 247
 271
 270
 378
 374
 352
 322
 205
 250
 883
 449
 275
 428
 462
 183
 240
 360
 355
 339
 304
 429
 455
 314
 925
 289
 298
 464
 261
 292
 151
 289
 376
 331
 298
 332
 293
 289
 267
 300
 365
 309
 310
 400
 309
 428
 381
 472
 435
 178
 373
 282
 276
 231
 360
 394
 301
 289
 338
 289
 229
 517
 328
 394
 388
 422
 185
 277
 462
 333
 195
 519
 313
 199
 388
 233
 375
 234
 451
 331
 432
 225
 276
 521
 182
 108
  74
 309
 210
 226
 468
 130
 461
 478
 232
 339
 339
 187
 436
 448
 299
 509
 372
 382
 298
 324
 157
 386
 278
 287
 208
 447
 395
 293
 299
 337
 330
 476
 281
 312
 228
 230
 315
 221
 429
 485
 351
 167
 371
 253
 287
 326
 278
 331
 376
 223
 248
 307
 332
 449
 285
 476
 338
 335
 453
 485
 408
 330
 900
 399
 437
 375
 441
 411
 298
 307
 424
 192
 170
 226
 483
 444
 254
 542
 298
 454
 398
 489
 258
 286
 275
 418
 203
 347
 391
 313
 304
 246
 325
 396
 254
 388
 191
 339
 358
 171
 272
 452
 268
 242
 198
 337
 324
 365
 214
 416
 149
 315
 342
 181
 257
 325
 268
 176
   0
 400
 214
 383
 324
 300
 464
 492
 396
 297
 236
 238
 492
 195
 262
 211
 183
 303
 268
 350
 323
 516
 435
 305
 308
 380
 280
 335
 254
 280
 210
 498
 340
 227
 457
 348
 877
 419
 331
 268
 357
 338
 348
 428
 428
 303
 290
 230
 450
 237
 331
 359
 389
 425
 393
 361
 354
 405
 159
 561
 515
 418
 450
 351
 288
 382
 194
 447
 273
 333
 302
 261
 286
 420
 449
 497
 391
 397
 384
 421
 250
 316
 293
 345
 302
 313
 143
 211
 248
 462
 342
 388
 311
 407
 235
 210
 288
 211
 488
 332
 382
 493
 265
 440
 236
 419
 251
 276
 607
 351
 216
 378
 345
 331
 304
 454
 339
 377
  89
 296
 526
 153
 324
 440
 441
 300
 278
 254
 420
 196
 547
 368
 239
 171
 224
 440
 501
 407
 450
 272
 310
 544
 258
 423
 413
 317
 292
 245
 160
 257
 445
 340
 316
 228
 255
 888
 284
 306
 899
 309
 211
 392
 204
 315
 422
 280
 284
 163
 445
 377
 246
 232
 258
 314
 269
 422
 338
 542
 269
 353
 306
 234
 417
 443
 402
 495
 233
 391
 388
 444
 148
 286
 267
 333
 258
 218
  51
 460
 225
 349
 338
 349
 414
 195
 323
 239
 202
 187
 379
 341
 255
 282
 259
 398
 376
 241
 279
 275
 342
 352
 277
 208
 387
 295
 288
 477
 224
 347
 397
 325
 365
 223
 484
 234
 420
 300
 857
 300
 174
 348
 145
 384
