 190
 138
 125
 184
 258
 182
 213
 187
 113
 225
 127
 159
 110
 118
 144
 118
 206
 163
 196
 190
 182
 131
 149
 254
 211
  63
 199
  39
 244
 263
 162
  17
 144
 151
 169
 159
  22
 283
 190
 108
 176
 159
 242
 203
  92
 219
 129
 188
 231
 265
 329
  88
 122
 250
 198
 161
 162
 243
 267
 158
 190
 148
 191
 221
 284
   0
 248
 198
  91
 269
 139
 245
 266
 119
 157
 226
 190
 237
 179
 243
 183
 189
 211
 205
 193
 187
 213
 106
 298
 159
 111
 185
 143
 130
 123
 213
 263
 149
 175
 252
 233
 185
 223
 243
 146
 181
 276
 181
 179
 149
 108
 303
 192
 290
 137
 191
 180
 283
  69
 248
 190
 192
 185
 141
 219
 136
 181
 269
 144
 180
 138
 236
 109
 258
  90
 170
 135
 269
 138
 141
 204
 146
 156
 132
 169
 244
 331
 115
 267
 180
 223
 225
 143
 247
 144
 126
 130
 263
 158
 271
 209
 162
 243
  98
 229
 132
 113
 203
 207
 147
 141
 295
 194
 114
 201
 203
 128
 230
 175
 105
 271
 291
 212
  89
  68
 239
 228
 166
  69
 233
 201
 229
 246
 883
 213
 211
 273
 240
 167
 136
 178
 228
 910
 162
 231
  73
  65
 166
 242
 194
  71
 196
 184
 238
 174
 156
 163
 215
 137
 186
 323
 208
 197
 173
 144
 136
 117
 253
 117
 138
 136
 170
 221
 179
 138
 177
 120
 183
 250
 175
 170
 244
 164
 103
 202
 114
 187
 166
 253
  61
 167
 119
 241
 182
 192
 268
 154
 199
 174
 176
 275
 116
 164
 282
 153
 132
 170
 126
 173
 189
 146
 245
 183
 164
 111
 177
   0
 189
 260
 110
   0
 171
 205
 112
 282
 124
 193
 290
 104
  94
  61
 219
 148
 281
 191
 142
 315
 113
 203
 236
 241
 176
 182
  73
 136
 172
 141
 106
 177
 185
 248
 228
 210
 215
 124
 147
 182
 178
 222
 284
 233
 160
 164
  84
 170
  59
  72
 137
 287
  92
 211
 184
 164
 184
 245
 226
 213
 159
 107
  65
 187
 164
 153
 108
  40
  91
 260
 253
 270
 258
 147
  90
  95
 167
 132
 202
 116
 218
 165
 215
 231
 220
 170
 111
 137
 158
 169
 238
 186
 211
 226
 107
 218
 192
 149
 135
  65
 243
 167
 197
 169
 212
 207
 284
 267
 176
 158
 229
 137
 174
 304
 195
 122
 219
 144
 184
 187
 180
 198
 214
 174
 121
 170
 113
 143
 189
 201
 183
 113
 261
 161
 162
 258
 315
 217
 264
 155
 198
 154
 183
 238
 164
 183
 123
 184
 209
 158
 150
 188
 182
 150
 227
 257
 878
 211
 202
 206
 308
 264
 102
  58
 134
 165
 232
 220
 174
 328
 191
 116
 182
 171
 197
 149
 134
 191
 184
 218
 157
  64
   0
 195
 137
 111
 157
 236
 168
 200
 201
 139
 182
 212
 214
 293
 298
  63
 152
  88
 129
 165
 183
 141
   0
 102
 110
 193
 292
 233
 139
 258
 171
 190
 252
 225
 176
  78
 217
  88
 125
 162
 270
 124
 269
 223
 219
 195
 115
 149
 241
 161
 168
 245
 175
 249
 232
 184
 103
 142
 201
 221
 164
 205
 124
 216
 104
  62
 144
 238
 170
 172
 175
 220
 236
 304
 128
 182
 191
 248
 262
  19
 114
  86
 125
 213
 139
 167
 331
 194
 152
 197
 253
 137
 116
 171
 156
 178
 116
 217
 193
 141
 134
  90
 131
 140
 243
 309
 344
 141
 124
 132
 171
 246
 117
 175
 111
 204
 133
 157
 175
 124
 103
 216
  63
 124
 273
 189
 167
 309
 192
 305
 158
 143
 117
 150
 127
 166
  38
  88
 299
 175
 161
 134
  72
 184
 228
 218
 257
 161
 217
 124
 170
 254
 161
 134
 168
  94
 165
 199
 205
 245
 276
 292
 149
 192
 274
 116
 186
 217
 171
 113
 140
 123
  81
 205
 204
 177
 284
 234
 228
 173
 306
 190
 124
 206
 226
 151
 120
 241
 150
 121
 162
 233
 256
 177
 104
 243
 202
 192
 275
 179
 102
 196
 116
 198
 146
 177
 169
  79
 236
 138
 246
 253
 220
 116
 169
 195
 228
 165
 113
 226
 167
 214
 249
 192
 231
 265
 153
  82
 288
 254
 194
 170
 206
 902
 148
 148
 173
  81
 119
 316
 134
 172
 158
 172
  66
  23
  72
 148
 134
 104
 251
 217
 167
 130
  67
 123
 140
 267
 201
 250
 176
 185
 137
 233
 265
  90
 178
 263
 235
 113
 178
 165
 105
 138
 137
 188
 236
 321
 172
 357
 242
 217
 185
 277
 203
 182
 151
 189
 256
 102
 184
 184
 151
 270
 132
 275
 120
 914
 134
 176
 226
   0
 268
 238
 192
 184
 205
 178
 243
 111
 147
 211
 122
 211
 106
 212
 243
 179
  91
 199
 244
  88
 165
 169
 191
 127
  69
 173
 202
 123
 244
 204
 143
 180
 185
 194
 259
 135
 178
 127
 268
 214
 269
  57
 189
 190
 145
 148
 186
 244
 137
 197
 139
 147
 148
 197
 201
 165
 151
 222
 118
 254
 178
 197
 215
 124
 101
 113
 190
 144
 154
 250
 125
 130
 181
 184
  96
  91
 118
  91
 108
 128
 172
 320
 105
 196
 201
 213
 104
 130
 194
 159
 160
 153
 166
 253
 225
  85
 216
 143
 186
 286
 255
 267
 204
 123
 192
 190
 162
 202
 289
 167
 237
 158
 166
  97
 146
 187
  89
 199
 217
 164
 298
 210
 162
 348
 229
 209
 273
 121
 202
 145
 152
 145
 234
 255
 191
 184
 348
 186
 269
 147
 256
 182
 280
 119
  80
 300
 259
 315
 131
 244
 254
 191
 153
 251
 322
 189
 143
 207
 202
 216
 162
 162
 169
 167
 251
 214
  81
 101
 121
 363
 208
 212
  93
 166
 184
 190
 283
 158
 176
 140
 138
 328
 164
 221
  95
 117
 173
 321
  93
 181
 151
 175
 148
 197
 258
 134
 204
 134
 130
 121
 135
 177
 134
 163
 172
 212
 198
   0
 183
 178
 209
 168
 259
 210
 200
 194
 362
 116
 104
 359
 246
 215
 179
 143
 137
 206
 158
 154
 172
 126
 432
  68
  66
 275
 188
 238
 169
 133
 196
 268
 238
 152
 122
 137
 130
 276
 103
 190
  97
 197
 112
  86
  80
 220
 176
 189
 257
 132
 283
 306
  96
 110
 204
 216
 187
 102
 175
 272
 157
  86
 101
 167
 150
 240
 130
 218
 169
 174
 144
 126
 179
 110
 205
 176
 189
 155
 165
 178
 274
 169
 144
 151
 229
 248
 245
  94
 259
 142
 249
 271
 202
 250
 151
 158
 234
  73
 197
 211
 207
 101
 160
 256
 143
  48
 278
 147
  89
 174
 202
 240
 156
  93
 251
 114
 284
 178
 146
 116
  76
 121
 176
 162
 202
 223
 104
 339
 186
  91
 245
 210
 132
 160
 301
 248
 137
 154
  55
  26
 116
 142
 105
 206
 189
 201
 133
 203
 281
  67
 114
 175
 109
 190
 167
 179
 157
 163
 175
 342
 203
 140
 186
 105
 115
 195
 275
 169
 193
 121
 260
 152
 247
 201
 191
 183
 210
 165
 167
 161
 195
 230
 180
 171
  83
 136
 151
 159
 277
 219
 114
 191
 131
  94
 160
 148
 213
 147
 205
 195
 217
  91
 169
 115
 141
 172
 163
 213
 194
 195
 122
 191
 187
 237
 181
 227
 204
 172
 231
 219
 284
 166
 177
 221
 203
 191
 225
 194
  80
 155
 123
 245
 207
 180
 167
 389
 144
 263
 127
 226
 285
 149
 214
 106
 189
 170
  86
 159
  58
 201
 147
 168
 159
 237
 265
 115
 162
 182
 143
  86
 129
 229
 117
  91
 199
 266
 199
 142
 190
 190
 168
 228
  93
 160
 200
 139
 176
 207
 203
 142
 268
 110
 240
 115
 100
 155
 124
 196
 232
 167
 157
   0
 162
  75
 188
 171
 154
 159
 181
 292
 217
 209
 149
 206
 246
 101
 232
 179
 158
  92
 193
 129
 257
 187
 168
 277
 229
 129
 256
 131
 224
 195
 147
 150
 191
  98
  96
 211
 190
 182
 288
 174
 221
 869
 226
 225
 115
 144
 165
 230
 232
 171
 180
 277
 142
 321
 144
 180
 147
 162
 178
 262
 102
 112
  91
  97
 249
 190
 245
 111
 198
 182
 102
 258
 147
 254
 277
 260
 249
 182
 150
 193
 111
 258
 114
 317
 256
 174
 151
 192
 224
 208
 201
 267
 141
 182
 178
 118
 224
 114
 179
 129
 223
 155
 214
 148
 149
  57
 145
 204
 133
 264
 172
 191
 181
 232
 249
 129
 141
  84
 210
 259
 124
 118
 242
 262
 115
 208
  95
 224
 204
 138
 186
 350
 151
 188
 155
 152
 183
 198
 181
  81
 159
 269
 214
 139
   7
 113
 146
 306
 193
 130
 176
 266
 298
  68
 165
 178
 246
 169
 161
 138
 315
 331
  99
 188
  55
  74
 178
 231
 342
 174
 214
 166
 165
 180
 284
 150
 155
  75
 241
  90
 323
 136
 197
 133
 141
 164
 133
 193
 181
 146
 175
 157
 158
 180
 158
 135
 216
 205
 170
 206
 182
 107
 208
 225
 260
 230
 202
 141
 158
  74
 209
 136
 156
 155
 212
 155
 170
 185
 128
 203
 167
 268
 241
 252
 158
  72
 216
 234
 186
 151
 121
 158
 224
 239
 253
 302
 160
 107
 191
 184
 183
 240
  89
 170
 122
 148
 147
 169
 170
  30
 235
 165
 190
 181
 212
 242
  94
 150
 149
  47
 156
 215
 249
 103
 190
 147
 243
 163
 104
 169
 235
 136
 198
 142
 102
 201
 200
 136
 130
  54
 165
 246
 164
 353
  95
  92
 221
 199
 173
 275
 124
 142
 273
 153
 179
 147
 373
 164
 184
 145
 197
 121
 216
 103
 135
  89
 199
  59
  93
 155
