0.26979
0.18183
0.24277
0.15010
0.28852
0.15121
0.28852
0.24906
0.32326
0.37400
0.32343
0.11729
0.38827
0.17994
0.17211
0.29976
0.23152
0.18277
0.23214
0.32867
0.17244
0.26068
0.08859
0.06487
0.17110
0.29193
0.23082
0.14199
0.34620
0.16749
0.35426
0.16493
0.07968
0.24022
0.14368
0.37220
0.31379
0.23344
0.26220
0.08491
0.22503
0.06339
0.25207
0.29220
0.30377
0.24217
0.11046
0.22611
0.22823
0.20230
0.32567
0.27247
0.21196
0.32064
0.32995
0.18202
0.11348
0.22110
0.20729
0.31677
0.23709
0.23820
0.00000
0.41418
0.39953
0.06097
0.33505
0.18541
0.24569
0.32067
0.15953
0.24284
0.31699
0.24978
0.24959
0.20939
0.29914
0.29118
0.17080
0.24998
0.40382
0.23341
0.25354
0.21273
0.21225
0.26197
0.14084
0.14710
0.34828
0.27355
0.17582
0.27892
0.13323
0.32083
0.29166
0.29185
0.22684
0.37341
0.24378
0.36388
0.31586
0.24030
0.22114
0.18996
0.35451
0.21894
0.24229
0.16455
0.08355
0.13376
0.17186
0.24294
0.34257
0.20972
0.19980
0.18711
0.28341
0.15721
0.30728
0.31005
0.20386
0.38768
0.22503
0.24191
0.37261
0.11828
0.15975
0.14432
0.35813
0.18403
0.29351
0.03195
0.19947
0.18992
0.30051
0.22162
0.27511
0.10363
0.11217
0.21508
0.30532
0.27932
0.31182
0.20732
0.29005
0.17250
0.24057
0.26989
0.14493
0.28003
0.30288
0.24329
0.28509
0.36337
0.12275
0.43502
0.43006
0.22266
0.12772
0.14118
0.19588
0.08596
0.22896
0.26728
0.23486
0.22543
0.17795
0.12728
0.36343
0.23957
0.12763
0.29209
0.18537
0.33707
0.23141
0.14762
0.38385
0.39486
0.28586
0.05782
0.29995
0.21747
0.20768
0.14085
0.36332
0.26297
0.18863
0.30539
0.21227
0.25234
0.25098
0.34647
0.26916
0.32389
0.20069
0.18830
0.25138
0.35200
0.10114
0.20519
0.13034
0.24153
0.25202
0.25716
0.30982
0.17839
0.17438
0.22558
0.22384
0.05330
0.10335
0.22651
0.19525
0.22640
0.21495
0.37453
0.14367
0.24427
0.22969
0.29833
0.20533
0.23335
0.17612
0.30913
0.26802
0.23126
0.17946
0.17208
0.34467
0.04185
0.19055
0.27188
0.32641
0.20284
0.24199
0.22619
0.19012
0.34854
0.16892
0.12492
0.22861
0.11532
0.08027
0.11103
0.11560
0.28084
0.23487
0.23307
0.31664
0.10735
0.33322
0.26121
0.34393
0.44820
0.23798
0.13807
0.33007
0.14815
0.27180
0.12599
0.09618
0.11395
0.34019
0.14150
0.22329
0.24880
0.29453
0.15713
0.20609
0.27343
0.00000
0.18031
0.37186
0.22701
0.00000
0.24822
0.18059
0.28935
0.21397
0.39868
0.09496
0.15219
0.29857
0.10375
0.36531
0.12749
0.28792
0.37431
0.10975
0.32479
0.22718
0.40530
0.22384
0.24260
0.22416
0.11397
0.20651
0.22628
0.14442
0.23278
0.10029
0.22196
0.22450
0.27108
0.23219
0.21618
0.40381
0.28471
0.36416
0.23782
0.20294
0.12754
0.16211
0.15466
0.25234
0.30582
0.17755
0.30236
0.18356
0.28523
0.43205
0.38457
0.23548
0.20444
0.37857
0.23704
0.05434
0.18794
0.26097
0.22284
0.28492
0.17788
0.26291
0.30814
0.39583
0.26309
0.22873
0.26099
0.12055
0.24343
0.16411
0.21176
0.26054
0.37536
0.17595
0.14960
0.30751
0.35906
0.10093
0.11529
0.16029
0.24674
0.10875
0.40325
0.34359
0.31705
0.25542
0.30979
0.34884
0.18393
0.32201
0.04373
0.12131
0.11775
0.12919
0.27158
0.16284
0.19058
0.20750
0.25839
0.10276
0.35854
0.49439
0.22519
0.22847
0.30907
0.14511
0.29039
0.36225
0.18692
0.12362
0.11150
0.23113
0.15248
0.16733
0.27714
0.18520
0.21985
0.19310
0.16782
0.20895
0.14200
0.19441
0.30259
0.21791
0.18704
0.22586
0.23434
0.13261
0.20077
0.22143
0.18103
0.35867
0.19945
0.22944
0.31612
0.22769
0.28953
0.26611
0.37801
0.25714
0.22869
0.29765
0.18453
0.20395
0.27548
0.30541
0.37179
0.24728
0.24057
0.26253
0.35279
0.33092
0.05056
0.08565
0.22335
0.14960
0.26055
0.36760
0.37333
0.33500
0.10467
0.21153
0.16418
0.25569
0.28004
0.21362
0.20368
0.27788
0.12247
0.14055
0.00000
0.10823
0.22164
0.17027
0.22361
0.07794
0.18987
0.20040
0.36738
0.22519
0.22560
0.16749
0.35578
0.34025
0.18800
0.29800
0.16250
0.16902
0.28110
0.25751
0.17160
0.12039
0.26020
0.06117
0.12471
0.13759
0.19854
0.33367
0.19131
0.24543
0.27899
0.17962
0.14346
0.28348
0.19605
0.24361
0.39197
0.18676
0.35356
0.02938
0.29362
0.22892
0.23749
0.27372
0.33516
0.22781
0.33301
0.32381
0.16079
0.18331
0.14262
0.13714
0.19748
0.28385
0.22593
0.33272
0.22524
0.30628
0.19130
0.23269
0.16564
0.41962
0.18090
0.23562
0.17240
0.28559
0.16337
0.19873
0.35805
0.11354
0.35274
0.29682
0.23053
0.13107
0.20789
0.15878
0.21932
0.17508
0.22838
0.29030
0.40692
0.28502
0.24549
0.19938
0.29419
0.26812
0.13949
0.18423
0.12726
0.20982
0.20184
0.22918
0.24156
0.22864
0.19889
0.41604
0.13435
0.21481
0.31585
0.34865
0.31413
0.37268
0.24333
0.24394
0.32308
0.27897
0.18841
0.20265
0.35884
0.32114
0.32223
0.21898
0.28486
0.15765
0.26510
0.15254
0.19530
0.27331
0.24232
0.20729
0.28643
0.29971
0.31587
0.23886
0.10220
0.24273
0.28258
0.23403
0.16626
0.15987
0.34383
0.23062
0.31022
0.41019
0.13813
0.15471
0.26986
0.12740
0.16560
0.23040
0.13050
0.17748
0.28107
0.18564
0.10963
0.30048
0.24110
0.23120
0.20475
0.25958
0.35036
0.21870
0.39406
0.12186
0.35412
0.14930
0.18045
0.24748
0.30668
0.34499
0.18010
0.04696
0.14308
0.14792
0.27460
0.25503
0.41729
0.16254
0.25237
0.24945
0.39948
0.27309
0.17334
0.34651
0.19887
0.28633
0.17223
0.07007
0.23426
0.14210
0.31959
0.34973
0.16203
0.25475
0.20255
0.35781
0.29496
0.20555
0.15636
0.21704
0.24326
0.03416
0.22004
0.25025
0.12256
0.23132
0.28040
0.31984
0.25242
0.18091
0.30701
0.24934
0.26531
0.22777
0.18078
0.36182
0.20286
0.35469
0.34622
0.27856
0.23009
0.25124
0.18843
0.22226
0.33295
0.40180
0.25407
0.19518
0.21730
0.28718
0.23569
0.23519
0.25480
0.18295
0.22215
0.30516
0.13231
0.19378
0.17941
0.28175
0.08823
0.12997
0.13504
0.28082
0.14883
0.02486
0.38148
0.33115
0.37615
0.15676
0.17844
0.23992
0.23969
0.27669
0.22144
0.32559
0.25683
0.15435
0.14730
0.19862
0.06639
0.21535
0.32170
0.27754
0.22005
0.25116
0.31359
0.22432
0.15898
0.06637
0.24117
0.28483
0.14981
0.37902
0.26539
0.28662
0.24437
0.19582
0.20713
0.09911
0.20189
0.31370
0.21967
0.15708
0.20525
0.19766
0.32516
0.13777
0.38876
0.11475
0.32397
0.36168
0.22732
0.35481
0.00000
0.03328
0.29117
0.19996
0.17265
0.19157
0.22979
0.16487
0.19350
0.18573
0.26680
0.04467
0.24280
0.37412
0.35441
0.18466
0.32877
0.15824
0.29848
0.22934
0.25266
0.11543
0.24539
0.10899
0.20663
0.15233
0.18936
0.31915
0.31239
0.26916
0.22841
0.31411
0.37096
0.22948
0.21017
0.31637
0.25074
0.24216
0.28676
0.19018
0.23890
0.20029
0.18742
0.10524
0.20186
0.35683
0.25214
0.31958
0.31345
0.35941
0.40148
0.17567
0.26073
0.25708
0.29085
0.17648
0.30805
0.20545
0.32861
0.12949
0.33759
0.09785
0.10503
0.25533
0.18126
0.22142
0.29436
0.19419
0.14123
0.27543
0.20955
0.13127
0.27586
0.16307
0.22942
0.28543
0.20860
0.27636
0.31548
0.20428
0.38743
0.27791
0.25470
0.39687
0.23708
0.26255
0.23410
0.32567
0.20971
0.20055
0.21045
0.21564
0.22828
0.20345
0.21630
0.36998
0.32287
0.16066
0.19431
0.02712
0.26009
0.31939
0.14191
0.23024
0.22601
0.07139
0.12896
0.20086
0.22599
0.09450
0.28073
0.21049
0.25368
0.25642
0.14818
0.27904
0.25580
0.20308
0.20794
0.06683
0.29689
0.27220
0.33681
0.18708
0.32274
0.29796
0.29880
0.37942
0.42519
0.32038
0.19349
0.23241
0.30501
0.17472
0.01936
0.34936
0.28273
0.33014
0.20290
0.21422
0.20357
0.23813
0.31096
0.35841
0.26818
0.09534
0.15086
0.33244
0.30058
0.25206
0.11040
0.32035
0.26266
0.31575
0.22709
0.12080
0.36099
0.05624
0.31525
0.18940
0.40812
0.11888
0.25206
0.10412
0.19873
0.36929
0.22760
0.08004
0.19861
0.05331
0.13667
0.23848
0.46929
0.32704
0.31967
0.38359
0.15007
0.23460
0.19186
0.25056
0.23953
0.24108
0.17773
0.09335
0.13788
0.12634
0.06483
0.15399
0.12228
0.18799
0.30865
0.18149
0.13746
0.24501
0.19396
0.34077
0.00000
0.28254
0.20239
0.23120
0.28254
0.42059
0.23639
0.22234
0.27556
0.28073
0.23084
0.35677
0.30811
0.23266
0.20741
0.27145
0.10052
0.30221
0.27098
0.28478
0.24336
0.25868
0.47346
0.26755
0.12854
0.41311
0.14711
0.21468
0.26256
0.17724
0.27404
0.21572
0.28876
0.27269
0.19198
0.15086
0.18545
0.28648
0.16942
0.14392
0.28782
0.13745
0.23168
0.18443
0.04080
0.04384
0.12347
0.31771
0.22184
0.19125
0.07479
0.14913
0.81585
0.16007
0.20143
0.30121
0.17860
0.28960
0.06179
0.21454
0.24395
0.33785
0.15543
0.19419
0.11540
0.25671
0.15178
0.36987
0.27803
0.16981
0.33655
0.36920
0.23791
0.08547
0.08799
0.23317
0.20704
0.28738
0.09146
0.17507
0.15716
0.27700
0.19581
0.31695
0.27366
0.27665
0.28519
0.30037
0.21051
0.35593
0.14025
0.19424
0.22964
0.16752
0.18333
0.19786
0.25408
0.25432
0.08822
0.22492
0.22495
0.23000
0.16248
0.14304
0.32206
0.29312
0.12878
0.26885
0.32356
0.29315
0.21626
0.07167
0.29304
0.32093
0.19725
0.42314
0.28692
0.15371
0.16874
0.05116
0.21464
0.16949
0.27858
0.08561
0.33251
0.39385
0.11082
0.25352
0.20657
0.18012
0.24247
0.29914
0.08950
0.25841
0.17978
0.03136
0.04272
0.21182
0.15943
0.18792
0.27538
0.14233
0.12735
0.15206
0.29666
0.30532
0.25580
0.23004
0.12041
0.23583
0.38701
0.27352
0.23006
0.14619
0.18045
0.39796
0.21382
0.42473
0.20168
0.28562
0.16885
0.34592
0.13653
0.30295
0.14370
0.17577
0.20212
0.23702
0.30553
0.22711
0.22624
0.12318
0.14987
0.19947
0.40328
0.26815
0.20715
0.10410
0.20775
0.11564
0.18224
0.19550
0.31420
0.28902
0.31388
0.05046
0.18294
0.11676
0.31168
0.20320
0.16200
0.19527
0.21798
0.30155
0.23875
0.29272
0.10350
0.24915
0.15119
0.12342
0.22971
0.28019
0.23258
0.19358
0.26239
0.33634
0.32719
0.20232
0.24197
0.27047
0.23338
0.30509
0.37428
0.37292
0.34647
0.32927
0.20376
0.13733
0.13655
0.16212
0.23347
0.16772
0.19094
0.32111
0.24325
0.25873
0.17535
0.14436
0.33148
0.19008
0.32804
0.17336
0.29198
0.38473
0.13829
0.26853
0.07480
0.11593
0.20213
0.14184
0.19591
0.02698
0.32573
0.28592
0.32685
0.23710
0.16450
0.20508
0.26999
0.09679
0.34566
0.28167
0.31665
0.16485
0.16537
0.05519
0.21976
0.20927
0.20438
0.15342
0.17198
0.28755
0.20848
0.12963
0.17060
0.23950
0.28953
0.19770
0.32530
0.19815
0.38012
0.10303
0.24948
0.15629
0.19769
0.18569
0.29867
0.29166
0.24913
0.20839
0.00000
0.17773
0.18950
0.28929
0.17733
0.16297
0.31118
0.28388
0.34010
0.22051
0.27268
0.24450
0.17842
0.36645
0.16140
0.28181
0.21192
0.11211
0.17978
0.21731
0.04599
0.21594
0.27001
0.26100
0.33106
0.27188
0.13581
0.21375
0.15968
0.32548
0.11425
0.23058
0.35088
0.23342
0.21012
0.18652
0.31812
0.32280
0.14421
0.23835
0.34808
0.36022
0.37160
0.28766
0.06182
0.26466
0.21618
0.15924
0.19447
0.26642
0.04940
0.37018
0.19251
0.37388
0.21494
0.22607
0.16351
0.18538
0.38112
0.21521
0.34804
0.12843
0.28495
0.37363
0.29768
0.36015
0.11368
0.27788
0.28507
0.20972
0.33996
0.39271
0.39399
0.30803
0.35633
0.34641
0.21601
0.06228
0.18836
0.29054
0.15614
0.38762
0.19395
0.28985
0.22028
0.16826
0.18931
0.20856
0.43780
0.26234
0.30020
0.13314
0.21642
0.25897
0.21237
0.29160
0.19704
0.23843
0.23530
0.19975
0.20461
0.23143
0.21308
0.16839
0.24072
0.22247
0.13448
0.31481
0.34462
0.18075
0.23260
0.22901
0.24918
0.20207
0.15367
0.07398
0.31036
0.21020
0.16012
0.30180
0.27516
0.16642
0.37537
0.15797
0.16711
0.31541
0.16528
0.26309
0.38164
0.16833
0.38960
0.22126
0.24808
0.22938
0.33511
0.22601
0.20507
0.36017
0.34420
0.27590
0.08176
0.25749
0.24681
0.49073
0.17961
0.33215
0.30235
0.40459
0.13154
0.21911
0.18662
0.22175
0.23292
0.16341
0.23445
0.36514
0.29259
0.21759
0.14186
0.18169
0.17855
0.25519
0.14747
0.41830
0.38023
0.40620
0.16081
0.23075
0.39733
0.26483
0.18076
0.31920
0.37602
0.31786
0.16176
0.23040
0.13982
0.18759
0.12979
0.20346
0.29819
0.11003
0.26974
0.22848
0.16329
0.23922
0.31602
0.26060
0.14521
0.39493
0.14847
0.19757
0.32583
0.21604
0.22321
0.36353
0.22807
0.21148
0.19539
0.16263
0.23997
0.32534
0.03058
0.17331
0.21316
0.19886
0.16495
0.22627
0.26378
0.23083
0.34729
0.29236
0.16947
0.12619
0.03478
0.18901
0.32087
0.23123
0.21057
0.28030
0.23686
0.14909
0.27124
0.33923
0.33060
0.44229
0.10972
0.31771
0.22909
0.09693
0.36164
0.31397
0.19099
0.16566
0.30117
0.37438
0.24345
0.14814
0.07584
0.30727
0.37379
0.25824
0.32052
0.31512
0.10969
0.24756
0.14203
0.17127
0.12157
0.33560
0.26658
0.11371
0.19631
0.21036
0.26467
0.23371
0.17254
0.18076
0.15761
0.16385
0.15203
0.10793
0.26475
0.26154
0.04713
0.24331
0.17425
0.16920
0.17975
0.32021
0.14649
0.18528
0.26074
0.22610
0.26898
0.16112
0.31838
0.30740
0.27034
0.28957
0.20684
0.33831
0.13975
0.37072
0.07578
0.15479
0.31411
0.06824
0.13871
0.23471
0.22403
0.25662
0.16425
0.21240
