0.15117
0.09887
0.12045
0.09226
0.17889
0.11009
0.16745
0.13464
0.16307
0.19308
0.17262
0.19921
0.13706
0.11068
0.20175
0.07448
0.14144
0.18089
0.14423
0.14479
0.20126
0.17459
0.10062
0.17135
0.15048
0.08280
0.12886
0.07148
0.10943
0.20422
0.13090
0.07172
0.19588
0.13301
0.15825
0.10917
0.05216
0.15647
0.12886
0.10181
0.21759
0.15135
0.14817
0.17307
0.08195
0.15523
0.07599
0.14419
0.16073
0.19830
0.21299
0.07649
0.15402
0.19907
0.20636
0.14543
0.10614
0.19238
0.17894
0.10725
0.16358
0.15312
0.19786
0.16777
0.13913
0.00000
0.21462
0.20094
0.07082
0.20413
0.11905
0.15929
0.25240
0.10807
0.17181
0.20107
0.13729
0.15463
0.12356
0.18963
0.17053
0.11712
0.14534
0.22545
0.13627
0.19517
0.14536
0.11342
0.19255
0.10960
0.10175
0.22268
0.13640
0.15059
0.14241
0.18139
0.20599
0.15423
0.14424
0.32280
0.14327
0.20970
0.15908
0.13937
0.13218
0.11147
0.18995
0.12215
0.14776
0.11633
0.06856
0.16567
0.17681
0.20087
0.11872
0.12419
0.13366
0.14574
0.11733
0.13235
0.14970
0.18078
0.19197
0.16897
0.25290
0.13553
0.13388
0.19512
0.08828
0.12784
0.10152
0.19428
0.10606
0.19951
0.06575
0.11219
0.09649
0.19970
0.12361
0.14171
0.18779
0.10676
0.09198
0.11472
0.16969
0.17185
0.20201
0.10283
0.22013
0.11174
0.19106
0.13889
0.07017
0.20222
0.17557
0.17237
0.14626
0.23969
0.22686
0.26601
0.11562
0.10702
0.15645
0.11084
0.17266
0.14657
0.15569
0.16146
0.11079
0.11000
0.08811
0.31142
0.17307
0.09325
0.19485
0.12318
0.14081
0.22582
0.13756
0.08228
0.24424
0.24821
0.17391
0.06993
0.06901
0.18218
0.14954
0.11183
0.11948
0.20583
0.15329
0.13934
0.20062
0.13586
0.13915
0.13137
0.19885
0.19561
0.15157
0.09745
0.11778
0.14872
0.14830
0.10740
0.12118
0.13541
0.12078
0.14366
0.13865
0.17327
0.12955
0.13304
0.16174
0.13324
0.09149
0.18857
0.13265
0.15329
0.14402
0.10153
0.24622
0.13868
0.14723
0.12400
0.14407
0.15874
0.15508
0.17416
0.13808
0.13067
0.12630
0.17587
0.14580
0.12710
0.13934
0.19860
0.09022
0.11066
0.17194
0.19557
0.13231
0.14589
0.14030
0.09259
0.18128
0.06102
0.13433
0.11380
0.16964
0.08908
0.14359
0.08493
0.15830
0.13733
0.15112
0.18984
0.12076
0.19933
0.15926
0.18448
0.28739
0.14793
0.08102
0.20265
0.15717
0.07542
0.09139
0.11237
0.15700
0.13437
0.11387
0.13535
0.19559
0.16359
0.11029
0.18514
0.00000
0.13853
0.22072
0.13760
0.00000
0.16012
0.14979
0.10781
0.20302
0.12552
0.17856
0.28569
0.09726
0.06717
0.07923
0.16325
0.09402
0.19593
0.13441
0.13780
0.25130
0.15042
0.12561
0.26756
0.16285
0.14328
0.15453
0.07675
0.14027
0.14538
0.09621
0.11444
0.11080
0.11938
0.17252
0.13178
0.13082
0.14754
0.15964
0.11261
0.16263
0.23186
0.16268
0.21436
0.14208
0.15764
0.16423
0.10461
0.08855
0.09850
0.11587
0.15813
0.17998
0.12469
0.17335
0.12979
0.21734
0.22728
0.22049
0.20298
0.15887
0.20632
0.14080
0.06282
0.16154
0.13734
0.12364
0.13090
0.10049
0.11784
0.19550
0.21703
0.17568
0.18893
0.15207
0.07750
0.16410
0.10756
0.13613
0.14834
0.21280
0.13944
0.17222
0.10745
0.19989
0.18425
0.12113
0.11195
0.13090
0.09220
0.22138
0.19626
0.18512
0.14916
0.16911
0.18355
0.11611
0.18628
0.06557
0.09932
0.09439
0.19870
0.09766
0.11334
0.13354
0.15759
0.13540
0.24503
0.34845
0.14565
0.15366
0.17864
0.08609
0.16215
0.25496
0.12956
0.06880
0.11929
0.14812
0.12432
0.11255
0.14962
0.11061
0.12232
0.11972
0.09484
0.15029
0.08391
0.18901
0.11595
0.15067
0.12436
0.15530
0.15905
0.14552
0.12020
0.13432
0.13641
0.12192
0.15073
0.09699
0.16894
0.07235
0.11113
0.16504
0.13243
0.14789
0.16256
0.18642
0.26328
0.13133
0.12996
0.16794
0.12928
0.13324
0.17300
0.17247
0.21085
0.13465
0.15832
0.13782
0.23616
0.20081
0.08112
0.05550
0.13051
0.10645
0.17161
0.16630
0.18783
0.25311
0.19180
0.07062
0.13605
0.13953
0.13985
0.14568
0.12321
0.12922
0.11263
0.19987
0.09879
0.08804
0.00000
0.06985
0.10125
0.12174
0.11031
0.17082
0.13041
0.14676
0.19700
0.13701
0.15273
0.15324
0.15283
0.21706
0.22715
0.10859
0.15590
0.09836
0.15066
0.18336
0.16502
0.13416
0.11665
0.13416
0.09734
0.13009
0.19745
0.14598
0.14568
0.21631
0.17304
0.12308
0.16321
0.15778
0.12800
0.10000
0.17179
0.13201
0.14904
0.11687
0.28578
0.10656
0.23827
0.14761
0.14649
0.12521
0.16510
0.18081
0.15902
0.14611
0.15397
0.18635
0.13362
0.18098
0.16448
0.12606
0.10342
0.12492
0.16484
0.17042
0.15103
0.19816
0.12536
0.20758
0.09874
0.15675
0.13557
0.23963
0.12764
0.13409
0.12098
0.19863
0.12025
0.17226
0.18002
0.09399
0.18570
0.15134
0.16648
0.08896
0.13113
0.10082
0.11825
0.15736
0.15454
0.16993
0.28862
0.21690
0.14818
0.12818
0.19218
0.15070
0.10189
0.10461
0.13462
0.14152
0.14216
0.16574
0.14452
0.11035
0.21473
0.08408
0.13843
0.23084
0.21635
0.22124
0.27503
0.12496
0.16068
0.17784
0.16102
0.16034
0.10366
0.20241
0.20433
0.16127
0.11311
0.16283
0.19624
0.11554
0.10452
0.16853
0.07461
0.11150
0.15669
0.12083
0.11835
0.21013
0.15788
0.21202
0.16789
0.08905
0.10651
0.14198
0.13035
0.07406
0.14474
0.06368
0.17852
0.15146
0.17406
0.21620
0.09825
0.11808
0.15384
0.15148
0.15156
0.09108
0.17054
0.07517
0.09398
0.17632
0.14187
0.08916
0.17019
0.14735
0.15931
0.16278
0.15023
0.22080
0.14337
0.24278
0.09196
0.16700
0.21437
0.13565
0.11433
0.14640
0.14846
0.14252
0.16990
0.12366
0.05562
0.13638
0.21023
0.20296
0.25733
0.10973
0.14390
0.14454
0.24726
0.15793
0.11191
0.16468
0.13217
0.22210
0.11994
0.14706
0.13287
0.07328
0.11769
0.22834
0.18553
0.10379
0.11345
0.15913
0.15594
0.21822
0.18202
0.11024
0.10217
0.14604
0.13665
0.12236
0.14484
0.13113
0.14733
0.10851
0.13100
0.18488
0.15299
0.15204
0.17421
0.15331
0.16816
0.14364
0.16929
0.13688
0.13941
0.23609
0.13805
0.16590
0.17092
0.16804
0.17082
0.17513
0.13663
0.14198
0.19216
0.26306
0.15067
0.13662
0.18276
0.17900
0.14878
0.15270
0.11454
0.07971
0.15844
0.21257
0.07130
0.11301
0.12292
0.17112
0.07790
0.07135
0.12177
0.16660
0.10499
0.04519
0.21597
0.20709
0.19582
0.08602
0.06538
0.09987
0.14381
0.13650
0.14721
0.15555
0.16240
0.15250
0.08290
0.11239
0.12103
0.10901
0.18883
0.20929
0.15995
0.14673
0.16268
0.12794
0.13306
0.07573
0.15473
0.12816
0.16218
0.16641
0.09005
0.24714
0.15366
0.18350
0.15051
0.10626
0.15026
0.11648
0.14014
0.16391
0.16798
0.11257
0.10941
0.14780
0.15170
0.20976
0.09432
0.25783
0.11299
0.21285
0.18371
0.15665
0.18547
0.00000
0.20824
0.14954
0.11301
0.15481
0.13058
0.15247
0.14329
0.10174
0.11634
0.14332
0.10558
0.17178
0.18281
0.21085
0.12769
0.16726
0.10515
0.15609
0.14510
0.12595
0.15031
0.15914
0.10484
0.13470
0.07700
0.17348
0.09966
0.14987
0.16017
0.17945
0.16751
0.10489
0.13260
0.15943
0.19834
0.16175
0.12035
0.17605
0.16376
0.18202
0.16473
0.08794
0.18015
0.11478
0.11979
0.09302
0.11603
0.17426
0.21969
0.14995
0.20526
0.18301
0.21235
0.21729
0.13595
0.16657
0.16040
0.15732
0.15185
0.20152
0.15688
0.18405
0.12136
0.18960
0.10926
0.07055
0.20389
0.10191
0.12759
0.17519
0.12083
0.09678
0.15957
0.13336
0.10781
0.13408
0.14334
0.12155
0.16295
0.10013
0.15336
0.24729
0.12228
0.21560
0.16455
0.16314
0.19645
0.15030
0.18650
0.14852
0.15182
0.11627
0.14695
0.15341
0.13627
0.13000
0.14486
0.11093
0.11085
0.17721
0.23578
0.15003
0.13905
0.15364
0.17600
0.18388
0.10252
0.11692
0.14449
0.14724
0.14583
0.11898
0.09779
0.10342
0.16657
0.12782
0.07124
0.12708
0.13617
0.13694
0.16513
0.15376
0.09605
0.24516
0.16140
0.18192
0.14158
0.07917
0.17663
0.16740
0.17741
0.11317
0.21358
0.17080
0.14784
0.15868
0.25091
0.21400
0.18543
0.09257
0.19397
0.13290
0.17385
0.08454
0.06307
0.21966
0.16333
0.23029
0.12471
0.16099
0.12198
0.12465
0.22449
0.18471
0.22200
0.16899
0.06567
0.19828
0.16279
0.13682
0.15152
0.08952
0.15912
0.16748
0.19145
0.12299
0.13467
0.14409
0.08860
0.22339
0.15264
0.18824
0.06888
0.14403
0.09630
0.13390
0.24495
0.18297
0.11588
0.09935
0.11026
0.17809
0.10327
0.18052
0.14369
0.18038
0.14411
0.19531
0.07424
0.13550
0.13454
0.14783
0.15781
0.19063
0.13462
0.07537
0.12216
0.09184
0.07211
0.09034
0.14329
0.16815
0.11970
0.11658
0.14362
0.12385
0.17881
0.00000
0.15481
0.14428
0.14447
0.16931
0.22480
0.13899
0.17920
0.14958
0.21934
0.11872
0.08248
0.29939
0.17639
0.14196
0.15590
0.17243
0.12268
0.22926
0.15497
0.17294
0.13713
0.16918
0.35727
0.14859
0.07313
0.29747
0.09855
0.15621
0.15146
0.08898
0.18720
0.16376
0.18079
0.14342
0.11372
0.11470
0.12677
0.20970
0.13177
0.18584
0.10756
0.15256
0.09257
0.08092
0.05041
0.12897
0.15694
0.15307
0.13863
0.10486
0.17141
0.37325
0.08315
0.13090
0.14418
0.14764
0.16913
0.09340
0.13857
0.21364
0.12326
0.10851
0.09148
0.15776
0.13058
0.20027
0.14729
0.11560
0.18139
0.17754
0.16354
0.09555
0.09401
0.17546
0.14870
0.14489
0.08961
0.12581
0.14861
0.14045
0.18808
0.10104
0.18055
0.18977
0.15911
0.16295
0.15541
0.06817
0.14076
0.12866
0.18015
0.15692
0.21877
0.15835
0.14950
0.13111
0.17218
0.11375
0.14426
0.13786
0.13843
0.13828
0.13876
0.17455
0.11964
0.08335
0.17822
0.11619
0.06865
0.16246
0.18488
0.17308
0.13852
0.16307
0.17103
0.13147
0.23903
0.16302
0.08507
0.07039
0.08238
0.12932
0.13653
0.12858
0.13143
0.18495
0.07297
0.24346
0.22251
0.07659
0.18569
0.15016
0.10825
0.14970
0.17180
0.19770
0.10470
0.14584
0.06429
0.04170
0.12430
0.09024
0.11642
0.15631
0.08329
0.11436
0.10479
0.16290
0.16458
0.14043
0.13474
0.12931
0.07501
0.16903
0.22210
0.15377
0.14915
0.10478
0.12185
0.30741
0.14630
0.25634
0.11149
0.14881
0.08518
0.12732
0.20321
0.10247
0.16506
0.08589
0.13267
0.12556
0.17084
0.18054
0.14066
0.15129
0.13375
0.14502
0.08552
0.07506
0.13757
0.28415
0.17403
0.12129
0.08409
0.14415
0.09482
0.13088
0.20186
0.16552
0.09490
0.17363
0.12667
0.08037
0.10527
0.17925
0.15263
0.11496
0.13431
0.14397
0.16935
0.11619
0.15318
0.09869
0.13659
0.15510
0.07774
0.12749
0.17801
0.16448
0.12001
0.15925
0.16370
0.20937
0.14492
0.14701
0.14850
0.16635
0.21289
0.26102
0.20859
0.15903
0.17136
0.14305
0.18565
0.11030
0.11076
0.14639
0.10945
0.14304
0.17671
0.13738
0.15135
0.13807
0.11202
0.18950
0.12340
0.21265
0.07731
0.16513
0.24670
0.11072
0.15993
0.07706
0.12811
0.12019
0.06861
0.12069
0.06339
0.15932
0.16473
0.23706
0.13558
0.14837
0.15097
0.08009
0.16436
0.18215
0.16932
0.08030
0.13702
0.16256
0.09796
0.06531
0.15664
0.14355
0.11503
0.11891
0.16475
0.09803
0.11854
0.16339
0.11073
0.10848
0.16480
0.14986
0.15044
0.12733
0.19324
0.09574
0.22045
0.08154
0.15816
0.09125
0.10285
0.15143
0.16610
0.16022
0.19885
0.14071
0.14957
0.00000
0.12018
0.10730
0.16723
0.10873
0.08642
0.17409
0.15143
0.23196
0.16284
0.18529
0.15792
0.14611
0.22844
0.10844
0.15659
0.15879
0.13641
0.09285
0.12344
0.07855
0.14717
0.15806
0.18522
0.20185
0.18014
0.09433
0.17353
0.10370
0.19574
0.16628
0.17812
0.17158
0.13066
0.12122
0.09160
0.20511
0.18970
0.11710
0.15899
0.19906
0.21359
0.17936
0.20194
0.12604
0.07748
0.13919
0.17919
0.11414
0.19085
0.13900
0.13388
0.26843
0.13052
0.25911
0.12692
0.13877
0.11835
0.14341
0.15361
0.22775
0.14771
0.15515
0.06383
0.14484
0.24932
0.18949
0.20703
0.10163
0.14019
0.14102
0.10576
0.20524
0.10326
0.20315
0.22753
0.17582
0.17605
0.18761
0.12135
0.15642
0.08667
0.23771
0.09847
0.16402
0.20465
0.10714
0.12712
0.10015
0.20264
0.14863
0.18239
0.13330
0.08877
0.12574
0.17244
0.12719
0.20869
0.09661
0.15450
0.10984
0.12498
0.11003
0.15879
0.11997
0.12781
0.13000
0.12885
0.13890
0.09635
0.16970
0.17536
0.14807
0.16359
0.14686
0.15812
0.13021
0.10216
0.11466
0.05776
0.17188
0.13708
0.07141
0.23348
0.17522
0.08080
0.26523
0.08661
0.13200
0.17792
0.12200
0.14446
0.24207
0.12917
0.22053
0.17032
0.12943
0.13917
0.18237
0.15295
0.08523
0.14438
0.28587
0.20254
0.13687
0.06985
0.14231
0.14746
0.31603
0.15987
0.13333
0.18702
0.17606
0.23581
0.06154
0.12854
0.15102
0.16564
0.13890
0.13549
0.16942
0.38939
0.21448
0.16255
0.12155
0.08896
0.12048
0.12223
0.15525
0.28973
0.20034
0.18541
0.14781
0.12649
0.15240
0.22320
0.14809
0.11053
0.10409
0.20515
0.07524
0.25214
0.15089
0.12679
0.14138
0.08760
0.09617
0.10048
0.17190
0.17221
0.06901
0.17701
0.12025
0.12661
0.12537
0.16492
0.16461
0.13142
0.15931
0.11934
0.19965
0.12539
0.14602
0.23734
0.15681
0.18488
0.19739
0.16630
0.07927
0.11231
0.08889
0.20358
0.10286
0.21573
0.09668
0.12933
0.13744
0.13068
0.10623
0.07164
0.12719
0.14968
0.21900
0.23437
0.18751
0.11065
0.09884
0.18543
0.17747
0.12457
0.15629
0.13037
0.14805
0.19161
0.22580
0.23606
0.28353
0.14061
0.18609
0.11961
0.09956
0.22256
0.16764
0.09798
0.13038
0.16997
0.11538
0.19761
0.13305
0.11511
0.07370
0.17317
0.11086
0.21882
0.12825
0.23606
0.17529
0.05009
0.13907
0.13060
0.11196
0.14601
0.16103
0.17424
0.05722
0.13610
0.12806
0.17018
0.13097
0.08435
0.13632
0.16859
0.09865
0.12824
0.10042
0.07658
0.16954
0.12880
0.07322
0.17240
0.15179
0.12095
0.12404
0.10232
0.20072
0.07742
0.08842
0.17129
0.14809
0.14849
0.17049
0.13410
0.18930
0.21116
0.17536
0.17258
0.15969
0.21514
0.12474
0.20213
0.08071
0.12907
0.10340
0.17001
0.06818
0.12468
0.14887
0.13147
0.18368
0.08007
0.11983
