0.38642
0.23421
0.24277
0.22268
0.38060
0.36615
0.33762
0.49853
0.39989
0.32830
0.21568
0.39221
0.60280
0.23152
0.19938
0.36806
0.39305
0.20317
0.20707
0.21763
0.16362
0.34811
0.30525
0.22031
0.37547
0.21303
0.36727
0.23226
0.12469
0.21645
0.35284
0.17232
0.45801
0.31695
0.38335
0.35695
0.23113
0.35859
0.38716
0.53456
0.15808
0.22611
0.53820
0.35187
0.23420
0.46146
0.39586
0.18202
0.22110
0.24851
0.38539
0.23709
0.30664
0.00000
0.50120
0.55907
0.43461
0.22168
0.21864
0.33823
0.37963
0.33790
0.38788
0.48392
0.30067
0.22204
0.35856
0.51003
0.23341
0.39227
0.39886
0.21225
0.20541
0.20174
0.38388
0.27627
0.17583
0.22839
0.38426
0.47931
0.44674
0.22684
0.72402
0.35540
0.42349
0.35612
0.24030
0.22114
0.27318
0.36452
0.34332
0.38321
0.22854
0.34947
0.50447
0.21755
0.20786
0.18711
0.34649
0.22500
0.54647
0.38621
0.64688
0.22503
0.52118
0.22719
0.15975
0.20965
0.48502
0.21505
0.55253
0.24422
0.30409
0.42113
0.18828
0.22560
0.37214
0.51268
0.32461
0.52670
0.20583
0.24057
0.38067
0.20116
0.48892
0.33920
0.24329
0.31046
0.51898
0.62982
0.65306
0.22266
0.20054
0.17506
0.22896
0.33296
0.34851
0.22543
0.17795
0.71118
0.24617
0.37283
0.18537
0.41621
0.18215
0.54907
0.61067
0.13077
0.38435
0.33400
0.22535
0.23557
0.50564
0.35155
0.20646
0.45628
0.27152
0.35426
0.52463
0.42368
0.20069
0.20465
0.34355
0.38716
0.21068
0.33017
0.17897
0.31192
0.34396
0.38753
0.27569
0.23089
0.22558
0.22384
0.14056
0.22651
0.22161
0.22312
0.57151
0.18487
0.24427
0.22252
0.30598
0.39680
0.42102
0.19562
0.31360
0.49269
0.20822
0.22179
0.21211
0.39279
0.45292
0.20285
0.34101
0.22619
0.38189
0.40943
0.23460
0.41056
0.35382
0.23487
0.37236
0.35544
0.19653
0.47538
0.35917
0.39238
0.71583
0.20348
0.31845
0.46072
0.20235
0.37111
0.23417
0.22329
0.33005
0.38394
0.29977
0.39469
0.00000
0.52309
0.33133
0.00000
0.30241
0.27300
0.36077
0.21397
0.71210
0.39526
0.17333
0.51733
0.24885
0.29284
0.63714
0.38753
0.69226
0.35581
0.35326
0.43514
0.14157
0.20651
0.22628
0.20951
0.20612
0.23183
0.37164
0.22196
0.23824
0.23219
0.54765
0.47591
0.48434
0.21270
0.17203
0.46725
0.39352
0.40213
0.23401
0.49370
0.58362
0.50415
0.34507
0.20444
0.38384
0.31270
0.22531
0.36069
0.22284
0.34860
0.27602
0.37515
0.47504
0.49953
0.46624
0.22873
0.29420
0.17721
0.25018
0.27353
0.38301
0.43163
0.31734
0.47750
0.43530
0.22279
0.20433
0.24674
0.19634
0.51937
0.50653
0.46316
0.35839
0.35796
0.35956
0.22213
0.41328
0.17312
0.21801
0.34724
0.19058
0.22991
0.35165
1.01792
0.33748
0.49267
0.37696
0.58396
0.22772
0.23493
0.23113
0.32953
0.21985
0.19310
0.16782
0.23847
0.16665
0.47313
0.21791
0.36393
0.39616
0.33530
0.23654
0.20077
0.22143
0.18104
0.36155
0.21764
0.37669
0.32090
0.22769
0.48564
0.36435
0.38066
0.29851
0.38642
0.18453
0.21170
0.36321
0.34965
0.42637
0.40154
0.30688
0.56195
0.42348
0.10615
0.32073
0.36919
0.37127
0.49304
0.42288
0.23767
0.20662
0.36110
0.21362
0.20368
0.39667
0.21463
0.00000
0.21803
0.30477
0.21959
0.23419
0.18988
0.23997
0.53928
0.22519
0.35937
0.41908
0.20027
0.50499
0.45958
0.26591
0.35114
0.20521
0.16902
0.39829
0.37386
0.23191
0.31967
0.34872
0.19131
0.42741
0.35388
0.24422
0.36003
0.27972
0.23730
0.32214
0.58922
0.53013
0.37784
0.22892
0.34047
0.33690
0.33919
0.22781
0.32336
0.39920
0.48581
0.23865
0.19696
0.20258
0.22552
0.26016
0.39875
0.22593
0.49034
0.32284
0.46337
0.29238
0.37374
0.58580
0.18410
0.23562
0.21479
0.20719
0.21432
0.42730
0.15389
0.50464
0.35884
0.23053
0.21797
0.28097
0.15878
0.21932
0.28543
0.35075
0.55332
0.35123
0.24549
0.33207
0.35895
0.34443
0.20080
0.20982
0.28922
0.35713
0.35977
0.19889
0.48682
0.19709
0.21481
0.37939
0.51843
0.44973
0.60686
0.24394
0.46428
0.33269
0.37165
0.20913
0.49474
0.46210
0.38178
0.37225
0.47010
0.21715
0.35172
0.18268
0.19530
0.36309
0.24232
0.24345
0.40288
0.50160
0.34783
0.24273
0.28658
0.28724
0.21797
0.20859
0.38922
0.31466
0.47714
0.47839
0.26908
0.24034
0.16560
0.23040
0.20402
0.22207
0.21704
0.30428
0.33907
0.33285
0.22926
0.34328
0.53238
0.21870
0.57686
0.35776
0.21406
0.28970
0.38237
0.36477
0.18801
0.55521
0.25503
0.52525
0.20992
0.28495
0.35746
0.54564
0.39184
0.30161
0.42809
0.31655
0.39448
0.29395
0.27807
0.19041
0.41738
0.51963
0.34633
0.21080
0.51813
0.37358
0.22363
0.36859
0.24326
0.22004
0.32111
0.23132
0.53704
0.39029
0.37863
0.45608
0.34631
0.39195
0.34220
0.32576
0.35119
0.62306
0.29820
0.35876
0.37041
0.35188
0.23009
0.41560
0.21165
0.31230
0.37143
0.58958
0.33508
0.37694
0.23569
0.36093
0.23667
0.33131
0.50997
0.22055
0.31933
0.13415
0.20662
0.30907
0.17797
0.12132
0.51157
0.47917
0.42647
0.21698
0.38619
0.39058
0.32827
0.25683
0.23420
0.23379
0.27935
0.47474
0.41580
0.22457
0.25116
0.31741
0.34876
0.21531
0.19181
0.38412
0.22339
0.43905
0.35377
0.19844
0.20713
0.23029
0.33948
0.39314
0.23926
0.20525
0.37116
0.19964
0.39529
0.20032
0.41441
0.52194
0.39907
0.52578
0.00000
0.42658
0.21163
0.22177
0.19157
0.21041
0.31988
0.19678
0.35045
0.22310
0.24280
0.37827
0.54144
0.22144
0.36989
0.17177
0.38994
0.23812
0.40862
0.22104
0.37416
0.21498
0.20663
0.18814
0.34942
0.35782
0.38664
0.39454
0.31840
0.46819
0.47900
0.29306
0.22311
0.34887
0.35062
0.38157
0.23014
0.22890
0.18742
0.31981
0.36271
0.32466
0.50680
0.40355
0.45523
0.17567
0.38756
0.32252
0.34432
0.34011
0.37003
0.25149
0.42337
0.27740
0.48395
0.17115
0.22189
0.36548
0.20792
0.30101
0.40350
0.21054
0.21448
0.36447
0.31988
0.15310
0.29858
0.21572
0.22942
0.32654
0.23385
0.36416
0.48536
0.24605
0.49955
0.39452
0.36006
0.58916
0.35113
0.32309
0.34699
0.29819
0.22731
0.37115
0.34467
0.22841
0.41081
0.53924
0.22718
0.31870
0.38660
0.36653
0.23024
0.19547
0.22599
0.21034
0.34955
0.22746
0.39614
0.35007
0.19246
0.52023
0.37613
0.20308
0.20794
0.16308
0.31832
0.34081
0.22730
0.44654
0.45006
0.38240
0.64797
0.46016
0.37162
0.38957
0.35951
0.49058
0.50376
0.22996
0.21422
0.39003
0.42302
0.52484
0.46991
0.42243
0.40546
0.35652
0.48004
0.44684
0.30392
0.41215
0.37345
0.19928
0.53277
0.18218
0.36152
0.19873
0.60103
0.24742
0.23016
0.36632
0.20360
0.39220
0.51526
0.42826
0.32244
0.44335
0.19304
0.19937
0.34149
0.35134
0.17128
0.18740
0.15953
0.18250
0.18671
0.33592
0.18149
0.19396
0.40788
0.00000
0.45203
0.20828
0.35686
0.37229
0.52191
0.22234
0.36273
0.36116
0.74927
0.38894
0.23266
0.20741
0.40698
0.18772
0.37723
0.39039
0.31611
0.76095
0.36429
0.72541
0.21785
0.33657
0.21511
0.47040
0.35569
0.32941
0.38772
0.19198
0.18745
0.32253
0.45999
0.32840
0.43701
0.37851
0.14028
0.19303
0.34999
0.37804
0.20671
0.32450
0.37679
0.92399
0.30657
0.36294
0.24209
0.33002
0.54519
0.18944
0.28069
0.14757
0.30280
0.38861
0.33809
0.19233
0.47310
0.37418
0.54787
0.38866
0.22785
0.39187
0.22920
0.23748
0.35838
0.21382
0.45852
0.43861
0.37547
0.34391
0.21051
0.38887
0.22534
0.22964
0.23393
0.33256
0.36341
0.22492
0.23266
0.36303
0.29628
0.28461
0.39574
0.29662
0.46466
0.41425
0.34906
0.36211
0.20131
0.43755
0.39346
0.19725
0.54423
0.35186
0.20937
0.36808
0.16949
0.37664
0.19201
0.51892
0.56139
0.48956
0.29396
0.23243
0.47803
0.20384
0.13596
0.09057
0.29741
0.17091
0.20722
0.39593
0.15222
0.47043
0.38197
0.39282
0.29868
0.23004
0.17361
0.54577
0.38115
0.22468
0.68398
0.32651
0.70126
0.22360
0.40565
0.16885
0.34818
0.36292
0.20367
0.21036
0.36672
0.37011
0.23029
0.25214
0.23908
0.23061
0.65613
0.40669
0.28104
0.16993
0.20775
0.22952
0.20098
0.46701
0.38233
0.36328
0.18847
0.33277
0.33569
0.19870
0.22318
0.21798
0.30391
0.38849
0.17585
0.25795
0.22971
0.41693
0.37786
0.27789
0.38397
0.34080
0.40360
0.31153
0.35685
0.36272
0.38096
0.51386
0.49317
0.44475
0.42781
0.39805
0.37688
0.20376
0.20226
0.41010
0.26856
0.19094
0.35395
0.35905
0.33154
0.23963
0.39269
0.27947
0.39678
0.36140
0.62504
0.18658
0.23071
0.20247
0.37041
0.18040
0.39041
0.32634
0.43824
0.20469
0.80882
0.38510
0.38850
0.32136
0.36462
0.16537
0.34626
0.23547
0.19509
0.22659
0.51438
0.30328
0.16259
0.22678
0.34019
0.27374
0.49949
0.29878
0.50360
0.15819
0.23313
0.30318
0.20631
0.30103
0.30265
0.34216
0.21028
0.00000
0.32698
0.26175
0.33822
0.20896
0.31325
0.37329
0.51869
0.35511
0.27541
0.24450
0.19108
0.52224
0.22035
0.23052
0.20840
0.17978
0.21764
0.21594
0.37466
0.42462
0.51769
0.37924
0.24455
0.23076
0.44759
0.23473
0.38124
0.35723
0.30574
0.22197
0.55846
0.39038
0.17419
0.51549
0.47002
0.44273
0.35427
0.35909
0.23663
0.23508
0.35938
0.34515
0.58298
0.55177
0.30826
0.21271
0.20968
0.48833
0.29654
0.41170
0.23603
0.45786
0.56568
0.43156
0.36738
0.36573
0.38457
0.25279
0.51751
0.55678
0.50552
0.37361
0.38464
0.23377
0.39222
0.16785
0.49877
0.19395
0.33233
0.21619
0.31314
0.20856
0.50825
0.37171
0.51528
0.22386
0.34598
0.35564
0.50369
0.19704
0.23843
0.23530
0.19975
0.23143
0.22700
0.17876
0.34903
0.22247
0.43333
0.34741
0.33323
0.30899
0.33490
0.36348
0.20207
0.32740
0.12570
0.36159
0.29811
0.53602
0.42574
0.24980
0.52637
0.24283
0.41797
0.25211
0.31618
0.63383
0.53230
0.22126
0.35704
0.34519
0.41021
0.32327
0.59556
0.47687
0.37840
0.16640
0.33022
0.84457
0.21863
0.43294
0.38315
0.46927
0.18611
0.22106
0.31271
0.37495
0.24813
0.51570
0.44433
0.23529
0.17729
0.22138
0.37632
0.67465
0.54012
0.54588
0.22853
0.23075
0.54343
0.20853
0.35058
0.41644
0.33031
0.23040
0.19302
0.15729
0.23843
0.42217
0.35505
0.36782
0.20659
0.26070
0.47162
0.37516
0.19593
0.47970
0.20767
0.20484
0.56346
0.21604
0.22321
0.36863
0.21148
0.20867
0.18872
0.42245
0.52136
0.23923
0.21316
0.20789
0.16872
0.23596
0.34624
0.23083
0.60031
0.30849
0.35007
0.23123
0.36844
0.45824
0.48257
0.49510
0.56212
0.44588
0.39191
0.56663
0.38739
0.19099
0.21520
0.30350
0.40651
0.24345
0.20955
0.14112
0.39960
0.17905
0.45369
0.34263
0.36090
0.31789
0.20624
0.38342
0.19934
0.30747
0.19343
0.36052
0.33153
0.18937
0.27175
0.21036
0.37805
0.33851
0.19603
0.18284
0.24077
0.34850
0.30560
0.41867
0.36553
0.21412
0.21465
0.22610
0.34622
0.21424
0.52777
0.36360
0.36138
0.42810
0.24951
0.39003
0.20620
0.46573
0.21819
0.31677
0.22853
0.23471
0.30226
0.47967
0.30736
