0.38611
0.23421
0.24277
0.22268
0.38012
0.36577
0.33735
0.49659
0.39954
0.32792
0.21568
0.39189
0.11350
0.59969
0.23152
0.19938
0.36781
0.39253
0.20317
0.20707
0.21763
0.16351
0.34783
0.30487
0.22013
0.37500
0.21303
0.36691
0.23226
0.12469
0.21645
0.35230
0.17232
0.45702
0.31667
0.38305
0.35666
0.23113
0.35807
0.38673
0.53270
0.15808
0.22611
0.53597
0.35155
0.23420
0.46034
0.39533
0.22110
0.18118
0.38504
0.23709
0.30614
0.00000
0.49985
0.55696
0.43380
0.22168
0.21864
0.33789
0.37918
0.33753
0.38730
0.48213
0.30047
0.15477
0.35822
0.50865
0.23341
0.39174
0.39827
0.21225
0.20541
0.20174
0.38352
0.27602
0.17583
0.22839
0.38397
0.47842
0.44579
0.22684
0.71916
0.35495
0.42300
0.35566
0.24030
0.22114
0.27291
0.36422
0.34293
0.38285
0.22854
0.34911
0.50301
0.21755
0.20786
0.18711
0.34609
0.22500
0.54337
0.38560
0.64259
0.22503
0.51994
0.22719
0.15975
0.20965
0.48414
0.21505
0.55051
0.16108
0.30356
0.42053
0.18828
0.22560
0.37149
0.51135
0.32395
0.52518
0.20583
0.24057
0.38022
0.20116
0.48769
0.33893
0.24329
0.31018
0.51781
0.62750
0.65071
0.22266
0.20054
0.17506
0.22896
0.33269
0.34830
0.22543
0.17795
0.70545
0.24617
0.37257
0.18537
0.41584
0.18215
0.54783
0.60791
0.13077
0.38383
0.33371
0.22535
0.23557
0.50489
0.35113
0.20646
0.45495
0.27136
0.35386
0.52340
0.42244
0.20069
0.20465
0.34323
0.38676
0.21068
0.32987
0.17897
0.31094
0.34362
0.38704
0.27541
0.23089
0.22558
0.22384
0.14048
0.22651
0.22161
0.15293
0.56961
0.18487
0.24427
0.22252
0.30576
0.39616
0.41968
0.19562
0.31321
0.49114
0.20822
0.22179
0.21211
0.39230
0.45175
0.20285
0.34069
0.22619
0.38076
0.40893
0.15383
0.23460
0.40995
0.35305
0.23487
0.37183
0.35504
0.19653
0.47428
0.35886
0.39198
0.71163
0.20348
0.31827
0.46004
0.20235
0.37057
0.23417
0.22329
0.32961
0.38354
0.29952
0.39427
0.00000
0.52148
0.33106
0.00000
0.30220
0.27279
0.36035
0.21397
0.70901
0.39467
0.17333
0.51547
0.24874
0.29229
0.63344
0.38674
0.68842
0.35547
0.35286
0.43360
0.14157
0.20651
0.22628
0.20951
0.20612
0.14485
0.37115
0.22196
0.23824
0.20592
0.54548
0.47443
0.48333
0.21270
0.17203
0.46544
0.39308
0.40179
0.23401
0.49118
0.58181
0.50317
0.34486
0.20444
0.38334
0.31240
0.22531
0.36030
0.22284
0.34806
0.27559
0.37393
0.47371
0.49833
0.46521
0.22873
0.29403
0.17721
0.25018
0.27340
0.38265
0.43123
0.31714
0.47640
0.43417
0.22279
0.20433
0.24674
0.19634
0.51820
0.50547
0.46204
0.35806
0.35766
0.35932
0.22213
0.41267
0.17312
0.21758
0.34703
0.19058
0.22991
0.35132
0.33709
0.49170
0.37655
0.58240
0.22772
0.23493
0.23113
0.32918
0.21985
0.19310
0.16782
0.23847
0.16665
0.47204
0.21791
0.36359
0.39569
0.33490
0.23654
0.20077
0.22143
0.18104
0.36130
0.21764
0.37618
0.32051
0.22769
0.48418
0.36415
0.38042
0.29827
0.38597
0.18453
0.21170
0.36290
0.34933
0.42547
0.40107
0.30663
0.56003
0.42307
0.10615
0.32045
0.36883
0.37093
0.49169
0.42189
0.23767
0.20662
0.36068
0.21362
0.20368
0.39621
0.21449
0.00000
0.21803
0.30449
0.21959
0.23419
0.18988
0.23997
0.53775
0.22519
0.35896
0.41865
0.20027
0.50365
0.45926
0.26560
0.35072
0.20521
0.16902
0.39744
0.37333
0.23170
0.31949
0.34831
0.19131
0.42613
0.35351
0.24402
0.35972
0.27956
0.23730
0.32176
0.58756
0.52936
0.37747
0.22892
0.33997
0.33643
0.33881
0.22781
0.32284
0.39862
0.48491
0.23865
0.19696
0.20257
0.22552
0.26016
0.39820
0.22593
0.48943
0.32256
0.46221
0.29215
0.37212
0.58397
0.18410
0.23562
0.21479
0.20719
0.21432
0.42671
0.15389
0.50293
0.35851
0.23053
0.21776
0.28065
0.15878
0.21932
0.28527
0.35049
0.55189
0.35072
0.24549
0.33161
0.35855
0.34410
0.20080
0.20982
0.28898
0.35656
0.35941
0.19889
0.48608
0.19709
0.21481
0.37903
0.51740
0.44892
0.60453
0.24394
0.46320
0.33229
0.37126
0.20913
0.49290
0.46118
0.38125
0.37187
0.46920
0.21715
0.35132
0.18268
0.19530
0.36275
0.24232
0.24345
0.40237
0.50052
0.34747
0.24273
0.28621
0.28688
0.21797
0.38873
0.31441
0.47599
0.47775
0.26867
0.24034
0.16560
0.23040
0.20402
0.22207
0.21704
0.30393
0.33876
0.33266
0.22926
0.34271
0.53096
0.21870
0.57483
0.35747
0.21406
0.28943
0.38112
0.36438
0.18801
0.55403
0.25503
0.52387
0.20992
0.28469
0.35692
0.54449
0.39136
0.30121
0.42725
0.31632
0.39369
0.29374
0.27773
0.19041
0.41710
0.51868
0.34601
0.21080
0.51601
0.37300
0.22363
0.36781
0.24326
0.22004
0.32074
0.23132
0.53425
0.38969
0.37813
0.45498
0.34610
0.39161
0.34187
0.32552
0.35085
0.62027
0.29791
0.35840
0.36981
0.35140
0.23009
0.41517
0.21165
0.31192
0.37108
0.58757
0.33467
0.37646
0.23569
0.36055
0.23667
0.33064
0.50907
0.22055
0.31899
0.13415
0.20662
0.30874
0.17797
0.12132
0.51022
0.47773
0.42596
0.21698
0.38541
0.39008
0.32803
0.25683
0.23420
0.23379
0.27898
0.47339
0.41517
0.22457
0.25116
0.31702
0.34838
0.21531
0.19181
0.38363
0.22339
0.43791
0.35318
0.19844
0.20713
0.23029
0.33918
0.39261
0.23926
0.20525
0.37026
0.19964
0.39492
0.20032
0.41355
0.51904
0.39825
0.52408
0.00000
0.42606
0.21163
0.22177
0.19157
0.21041
0.31949
0.19678
0.35003
0.22310
0.24280
0.37791
0.53997
0.22144
0.36962
0.17177
0.38957
0.23812
0.40704
0.22104
0.37381
0.21498
0.20663
0.18814
0.34907
0.35745
0.38613
0.39403
0.31821
0.46664
0.47799
0.29278
0.22311
0.34861
0.35028
0.38117
0.23014
0.22890
0.18742
0.31946
0.36246
0.32428
0.50578
0.40320
0.45459
0.17567
0.38658
0.32215
0.34384
0.33987
0.36961
0.25149
0.42248
0.27726
0.48307
0.17115
0.22189
0.36518
0.20792
0.30057
0.40271
0.21054
0.21433
0.36405
0.31952
0.15310
0.29829
0.21572
0.22942
0.32621
0.23385
0.36384
0.48417
0.24605
0.49762
0.39391
0.35961
0.58706
0.35028
0.32273
0.34665
0.29785
0.22731
0.37072
0.34417
0.22841
0.41030
0.53774
0.22718
0.31805
0.38601
0.36620
0.23024
0.19547
0.22599
0.21013
0.34921
0.22746
0.39571
0.34965
0.19246
0.51937
0.37566
0.20308
0.20794
0.16308
0.31789
0.34042
0.22730
0.44565
0.44900
0.38159
0.64551
0.45918
0.37126
0.38886
0.35921
0.48933
0.50236
0.22996
0.21422
0.38967
0.42238
0.52353
0.46850
0.42179
0.40446
0.35622
0.47876
0.44582
0.30353
0.41118
0.37294
0.19928
0.53145
0.18218
0.36104
0.19873
0.59855
0.24742
0.23016
0.36577
0.20360
0.39179
0.51084
0.42755
0.32219
0.44227
0.13520
0.36219
0.19937
0.34100
0.35102
0.17128
0.18740
0.15953
0.18250
0.18671
0.33562
0.18149
0.19396
0.40740
0.00000
0.45018
0.20828
0.35644
0.37187
0.51987
0.22234
0.36249
0.36048
0.74429
0.38844
0.23266
0.20741
0.40614
0.18772
0.37688
0.38999
0.31566
0.75689
0.36339
0.72047
0.21785
0.33627
0.14535
0.46910
0.35537
0.32905
0.38695
0.19198
0.18745
0.32222
0.45828
0.32786
0.43596
0.37816
0.13070
0.10874
0.19303
0.34957
0.37763
0.20671
0.32428
0.37630
0.91305
0.30618
0.36252
0.24187
0.32973
0.54382
0.18944
0.28037
0.14757
0.30259
0.38825
0.33777
0.19233
0.47187
0.37376
0.54360
0.38829
0.22785
0.39108
0.22920
0.23748
0.35783
0.21382
0.45778
0.43746
0.37472
0.34358
0.21051
0.38852
0.22534
0.22964
0.23393
0.33222
0.36300
0.22492
0.23266
0.36267
0.29595
0.28386
0.39511
0.29631
0.46303
0.41248
0.34851
0.36167
0.20131
0.43657
0.39280
0.19725
0.54308
0.35155
0.15118
0.20937
0.36773
0.16949
0.37601
0.19201
0.51801
0.56023
0.48886
0.29369
0.23243
0.47663
0.20384
0.13596
0.09057
0.29691
0.17091
0.20722
0.39543
0.15222
0.46905
0.38146
0.39212
0.29834
0.23004
0.17361
0.54339
0.38090
0.22468
0.68119
0.32611
0.18509
0.40497
0.16885
0.34798
0.36249
0.20367
0.21036
0.36622
0.36976
0.23029
0.25214
0.23908
0.23061
0.65209
0.40631
0.28074
0.16993
0.20775
0.22952
0.20098
0.46600
0.38200
0.36271
0.18847
0.33123
0.33544
0.19870
0.22318
0.21798
0.30354
0.38798
0.17585
0.25780
0.22971
0.41634
0.37737
0.27751
0.38358
0.34041
0.40302
0.31121
0.35626
0.36227
0.38056
0.51186
0.49211
0.44336
0.42686
0.39761
0.37652
0.20376
0.20226
0.40951
0.26829
0.19094
0.35371
0.35871
0.33121
0.23963
0.39229
0.27929
0.39633
0.36110
0.62278
0.18658
0.23071
0.20247
0.36990
0.18040
0.39005
0.32601
0.43735
0.20469
0.79016
0.38448
0.38808
0.32104
0.36434
0.16537
0.34554
0.23547
0.19509
0.22659
0.51266
0.30303
0.16259
0.22678
0.33994
0.27358
0.49884
0.29848
0.50275
0.15819
0.23313
0.30282
0.20631
0.30082
0.30236
0.34183
0.21028
0.00000
0.32659
0.26090
0.33781
0.20896
0.31307
0.37279
0.51765
0.35461
0.27518
0.24450
0.19108
0.52066
0.22035
0.23052
0.20840
0.17978
0.21764
0.21594
0.37425
0.42402
0.51606
0.37876
0.24455
0.23076
0.44677
0.23473
0.38078
0.35691
0.30550
0.22178
0.55519
0.38994
0.17419
0.51441
0.46916
0.44192
0.35379
0.35864
0.23663
0.23508
0.35905
0.34482
0.58193
0.55033
0.30801
0.21271
0.20968
0.48745
0.29634
0.41104
0.23603
0.45704
0.56366
0.43110
0.36708
0.36497
0.38391
0.25263
0.51618
0.55491
0.50463
0.37312
0.38414
0.23377
0.39172
0.16785
0.49726
0.19395
0.33205
0.21619
0.31233
0.20856
0.50679
0.37136
0.51384
0.22386
0.34558
0.35530
0.50225
0.19704
0.23843
0.23530
0.19975
0.23143
0.22700
0.17876
0.34817
0.22247
0.43229
0.34718
0.33297
0.30873
0.33459
0.36287
0.20207
0.32693
0.12556
0.36117
0.29765
0.53297
0.42521
0.24943
0.52452
0.24283
0.41733
0.25189
0.31582
0.63064
0.53048
0.22126
0.35662
0.34472
0.40930
0.32306
0.59276
0.47525
0.37783
0.16623
0.32992
0.83904
0.21863
0.43205
0.38279
0.46834
0.12688
0.22106
0.31250
0.37453
0.24813
0.51466
0.44355
0.23529
0.17719
0.22138
0.37591
0.67072
0.53785
0.54427
0.22853
0.23075
0.54190
0.20853
0.35029
0.41601
0.32998
0.23040
0.19302
0.15729
0.23843
0.42115
0.35481
0.36712
0.20659
0.26041
0.46983
0.37472
0.19593
0.47899
0.20767
0.20484
0.56154
0.21604
0.22321
0.36837
0.21148
0.20867
0.18872
0.42192
0.51897
0.23923
0.21316
0.20789
0.11638
0.23596
0.34582
0.23083
0.59945
0.30803
0.34955
0.23123
0.36786
0.45752
0.48169
0.49398
0.56102
0.44395
0.39134
0.56453
0.38682
0.19099
0.21520
0.30331
0.40619
0.24345
0.20955
0.14112
0.39918
0.17905
0.45293
0.34230
0.36065
0.31766
0.12231
0.38303
0.19934
0.30717
0.19343
0.36014
0.33136
0.18937
0.27155
0.21036
0.37765
0.33800
0.19603
0.18284
0.24057
0.34819
0.30522
0.41770
0.36499
0.21412
0.21465
0.22610
0.34600
0.21424
0.52626
0.36332
0.36075
0.42720
0.24951
0.38956
0.20620
0.46458
0.21819
0.31655
0.22853
0.23471
0.30201
0.47631
0.30696
