0.09572
0.09307
0.06939
0.06371
0.11476
0.10668
0.11943
0.05120
0.08798
0.08202
0.14652
0.07578
0.09878
0.09759
0.12050
0.14238
0.06132
0.11001
0.04895
0.08029
0.05981
0.07342
0.09411
0.06432
0.05696
0.11231
0.07129
0.08668
0.07800
0.08458
0.06679
0.05450
0.08123
0.06095
0.10879
0.11043
0.12159
0.03495
0.08057
0.09203
0.24848
0.12658
0.00000
0.06793
0.05471
0.11544
0.08259
0.09664
0.10398
0.09258
0.06973
0.09383
0.10787
0.21223
0.05093
0.07707
0.05118
0.07573
0.11164
0.12247
0.08462
0.13135
0.08628
0.11603
0.14516
0.07020
0.05812
0.07200
0.12382
0.11879
0.10344
0.08164
0.07253
0.12991
0.12763
0.10988
0.08761
0.06876
0.06736
0.05270
0.10159
0.06368
0.04507
0.07722
0.09137
0.06794
0.10077
0.12938
0.04880
0.05912
0.07243
0.06304
0.07600
0.08945
0.09360
0.06207
0.11854
0.09610
0.05845
0.07921
0.05124
0.06488
0.11190
0.05498
0.08644
0.08961
0.06857
0.17793
0.06048
0.06925
0.07686
0.13048
0.06650
0.03744
0.06300
0.09931
0.09254
0.07525
0.07253
0.10754
0.08058
0.07816
0.07327
0.05519
0.07546
0.09281
0.10357
0.07183
0.08130
0.06924
0.07866
0.09898
0.11034
0.10111
0.06739
0.11226
0.09599
0.07729
0.08954
0.09936
0.10016
0.06974
0.11877
0.08931
0.09453
0.05614
0.10234
0.04589
0.06646
0.06354
0.06244
0.09539
0.07599
0.11080
0.10377
0.07241
0.06579
0.06984
0.08224
0.07691
0.08767
0.11049
0.07604
0.00000
0.08437
0.00000
0.09071
0.11997
0.08606
0.05788
0.06475
0.03675
0.07505
0.09627
0.05999
0.10893
0.09559
0.05401
0.03459
0.06341
0.10281
0.06853
0.11513
0.11842
0.06319
0.12828
0.09291
0.11963
0.06951
0.07437
0.06973
0.07902
0.08927
0.07744
0.12961
0.07369
0.08591
0.05269
0.11510
0.09800
0.10449
0.07357
0.10049
0.11564
0.03812
0.10163
0.06990
0.11511
0.12084
0.07734
0.07147
0.08235
0.05895
0.09056
0.07890
0.13215
0.11274
0.05873
0.05406
0.03867
0.07746
0.12672
0.08114
0.19055
0.09185
0.11140
0.08733
0.09298
0.12999
0.07271
0.08636
0.06704
0.08404
0.08303
0.05431
0.06246
0.08103
0.13806
0.08034
0.07470
0.07337
0.05248
0.08856
0.11784
0.10641
0.07373
0.07465
0.05370
0.11535
0.10438
0.08355
0.08025
0.10019
0.05206
0.10079
0.10655
0.11171
0.10273
0.07593
0.08748
0.12956
0.12370
0.10857
0.05665
0.06300
0.03139
0.05461
0.07854
0.06881
0.08749
0.08044
0.11362
0.04393
0.09376
0.05097
0.06335
0.00000
0.04531
0.07742
0.10688
0.09892
0.08775
0.07632
0.06185
0.08583
0.22517
0.13832
0.07473
0.08593
0.05519
0.07458
0.08090
0.06047
0.06428
0.07731
0.12132
0.08488
0.09890
0.14732
0.08241
0.08549
0.06561
0.10145
0.10033
0.08013
0.06746
0.08792
0.11260
0.09346
0.11184
0.08936
0.09262
0.07382
0.08559
0.05699
0.11272
0.10068
0.07480
0.08807
0.08233
0.08971
0.07041
0.12234
0.05511
0.06596
0.07879
0.05462
0.08986
0.06392
0.10399
0.06547
0.10557
0.06802
0.10494
0.10172
0.14147
0.11851
0.12003
0.07078
0.11656
0.08412
0.07387
0.10804
0.10750
0.11720
0.09113
0.06766
0.07379
0.12332
0.11366
0.09689
0.10070
0.09497
0.11645
0.12884
0.07531
0.05954
0.07655
0.10911
0.12314
0.13377
0.04706
0.08351
0.07413
0.05117
0.05773
0.11095
0.06172
0.07742
0.08737
0.06476
0.06828
0.07164
0.10653
0.04552
0.06374
0.08486
0.06753
0.09996
0.08636
0.10147
0.09404
0.10298
0.07603
0.11901
0.09077
0.08745
0.11167
0.07358
0.06008
0.09194
0.09067
0.08987
0.10955
0.08859
0.09740
0.09395
0.07764
0.09358
0.06733
0.05344
0.12185
0.04874
0.08234
0.11640
0.07074
0.11266
0.11883
0.07558
0.07797
0.09211
0.10527
0.05134
0.07605
0.10253
0.08506
0.07938
0.08410
0.12684
0.07251
0.08453
0.10231
0.11800
0.07612
0.07426
0.06473
0.09034
0.08073
0.03042
0.07107
0.06489
0.11921
0.05678
0.03922
0.07574
0.06686
0.07798
0.12008
0.08513
0.09641
0.04717
0.10591
0.07322
0.09998
0.10865
0.05970
0.05619
0.06298
0.10362
0.08344
0.11566
0.08928
0.08726
0.05740
0.10654
0.09488
0.11288
0.07360
0.07089
0.00000
0.07251
0.06142
0.05584
0.12750
0.09776
0.09039
0.09194
0.07341
0.13688
0.14159
0.07238
0.11008
0.06626
0.11672
0.08417
0.09949
0.05504
0.20661
0.07853
0.11217
0.07421
0.11331
0.03645
0.11366
0.08165
0.10451
0.11062
0.06030
0.09508
0.08966
0.06365
0.07311
0.08925
0.11922
0.10279
0.10397
0.07196
0.10787
0.09003
0.09179
0.10374
0.07179
0.03977
0.06525
0.15238
0.09396
0.08448
0.07109
0.05362
0.10370
0.08297
0.11200
0.11976
0.10798
0.09923
0.10170
0.08880
0.11419
0.10072
0.09569
0.09236
0.06502
0.07616
0.11596
0.11638
0.23022
0.05003
0.10613
0.07567
0.04319
0.06954
0.07881
0.08407
0.22595
0.05056
0.05621
0.11900
0.10641
0.07014
0.06970
0.13797
0.04253
0.09072
0.08231
0.10565
0.13690
0.05977
0.06332
0.14672
0.08981
0.10090
0.07601
0.09162
0.05298
0.05407
0.06808
0.10323
0.08235
0.08078
0.06152
0.07624
0.05787
0.05555
0.09466
0.10334
0.08384
0.06949
0.09503
0.10852
0.07851
0.07137
0.11248
0.08939
0.07845
0.06035
0.10915
0.09370
0.07884
0.03752
0.06750
0.06271
0.05849
0.07625
0.07265
0.10080
0.06407
0.08259
0.08281
0.10481
0.00000
0.07526
0.13045
0.08465
0.13447
0.06140
0.12384
0.09629
0.05043
0.12672
0.11388
0.12720
0.09077
0.07622
0.10037
0.08681
0.12429
0.10646
0.05214
0.11289
0.07164
0.14701
0.08119
0.03842
0.05880
0.14162
0.08638
0.07610
0.09033
0.08322
0.11592
0.06748
0.05834
0.12066
0.08148
0.07071
0.08198
0.04864
0.05632
0.08725
0.09030
0.05809
0.07378
0.08811
0.10225
0.10800
0.07986
0.05268
0.09910
0.10026
0.08937
0.08466
0.09663
0.07606
0.13114
0.06280
0.06161
0.09477
0.13492
0.08826
0.11117
0.05957
0.12074
0.10709
0.07720
0.11692
0.08425
0.05545
0.05903
0.07459
0.04725
0.06951
0.05434
0.12388
0.07520
0.10028
0.07417
0.08033
0.04509
0.02194
0.07663
0.07086
0.07823
0.07196
0.07012
0.06984
0.10704
0.12345
0.07915
0.08596
0.11504
0.10104
0.05390
0.08790
0.12356
0.09886
0.05941
0.06491
0.06113
0.10598
0.05471
0.11420
0.07307
0.07668
0.09128
0.09795
0.25212
0.12894
0.09113
0.06555
0.09934
0.14468
0.03921
0.08872
0.08159
0.04849
0.08560
0.04633
0.06338
0.08436
0.07504
0.08444
0.12795
0.09030
0.03626
0.06852
0.07042
0.12030
0.08829
0.10746
0.11062
0.06952
0.08599
0.09046
0.09268
0.07260
0.09260
0.07568
0.06013
0.06440
0.08869
0.04785
0.08262
0.06632
0.05869
0.06610
0.08205
0.05050
0.08396
0.09839
0.08000
0.05000
0.05904
0.11250
0.11149
0.08157
0.11775
0.07486
0.05830
0.09209
0.11442
0.10807
0.10433
0.05331
0.06720
0.05449
0.05541
0.06257
0.07438
0.07412
0.04365
0.10855
0.09975
0.07961
0.09096
0.10190
0.12252
0.08728
0.00000
0.09125
0.07416
0.08427
0.11610
0.08793
0.08853
0.05566
0.08964
0.07721
0.09138
0.08716
0.12990
0.05277
0.08494
0.05633
0.08323
0.07218
0.08198
0.08753
0.09157
0.11142
0.09658
0.06913
0.06234
0.12639
0.07484
0.03818
0.05913
0.06589
0.09714
0.07529
0.09547
0.10391
0.09383
0.07155
0.08180
0.10051
0.06929
0.11586
0.06701
0.06727
0.09701
0.12110
0.08326
0.06531
0.05114
0.11680
0.05162
0.05404
0.13632
0.06063
0.04774
0.09265
0.06933
0.08239
0.09981
0.10203
0.09654
0.08608
0.11375
0.10698
0.11204
0.06201
0.08608
0.06216
0.11052
0.09373
0.10086
0.09077
0.10292
0.11628
0.12045
0.07411
0.09482
0.05686
0.03412
0.12101
0.06054
0.08409
0.07173
0.06926
0.08788
0.08363
0.09277
0.09067
0.06274
0.09688
0.15711
0.04618
0.10760
0.09129
0.05492
0.10370
0.09434
0.12357
0.09476
0.10077
0.11102
0.06336
0.06316
0.09864
0.10141
0.08876
0.13498
0.13844
0.07954
0.06655
0.07029
0.05508
0.05248
0.05661
0.10997
0.06723
0.12191
0.11236
0.07580
0.11699
0.06153
0.05198
0.05957
0.06761
0.09123
0.11034
0.05524
0.08462
0.05326
0.07389
0.05084
0.10936
0.09751
0.11049
0.09836
0.10159
0.09040
0.08312
0.07898
0.11979
0.08334
0.09551
0.08474
0.11121
0.09513
0.08784
0.05740
0.13371
0.06761
0.06094
0.06711
0.10727
0.10388
0.05959
0.13028
0.08069
0.09053
0.06004
0.08685
0.10615
0.06026
0.09309
0.08764
0.05879
0.10089
0.07569
0.06889
0.06740
0.06624
0.06449
0.11716
0.11069
0.09671
0.06514
0.08026
0.08014
0.09825
0.08875
0.05013
0.13789
0.08102
0.06668
0.06009
0.08355
0.10788
0.06523
0.11603
0.05239
0.09980
