  85
  65
  61
  66
 119
  56
 102
  44
 127
 101
  98
  21
 109
  58
  64
  75
 123
  33
  53
  80
  87
  98
  16
   9
 100
 112
  93
  20
  81
  53
  82
  55
  17
 102
  34
  74
 125
  86
  98
  28
  82
  25
  91
 109
 133
 111
  26
  65
  79
  89
  99
  89
  88
 110
 147
  66
  37
  89
  70
  98
 102
 139
   0
 155
 121
  12
 143
  68
  96
 122
  55
  79
 109
 113
 118
  92
  88
  89
  86
  91
 131
 104
  56
  94
  56
 118
  57
  30
  61
 105
  53
  84
  63
  74
 108
  87
  92
 119
 100
 103
 142
 116
  79
  63
 132
  71
  53
  73
  37
  20
 102
  78
 137
  81
  99
  83
 144
  36
 108
 116
  58
 124
  78
  99
 133
  31
  73
  53
 131
  69
 107
   2
  59
  71
 161
  82
  86
  32
  45
  60
  82
 137
 126
  43
 127
  68
 117
 103
  50
 100
  55
  88
  73
 105
  45
  88
 126
  55
  61
  51
  76
  27
 104
  75
  68
  79
  99
  46
 113
  75
  51
  91
  55
 120
 102
  62
 137
 156
 124
  19
 116
  85
  78
  26
 123
  89
  68
 101
  69
 106
 106
 133
  96
 120
  82
  73
  84
 104
  26
 105
  18
  39
  95
 117
  68
  42
  68
  76
 102
   4
  42
  51
  74
 111
  97
 146
  44
  82
  41
 115
  35
  89
  79
 113
  47
 103
  72
  41
  94
   5
  74
 105
  91
  83
 111
  55
  52
 132
  65
  50
 101
  21
  41
  40
  39
  88
  98
 101
 137
  33
  94
  83
 109
 157
  69
  75
 152
  42
  96
  51
  62
  38
  96
  35
 113
 141
  85
  38
  66
  65
   0
  55
 161
  75
   0
  66
  31
 113
  82
 137
  21
  63
  94
  39
 133
  33
  72
 128
  26
  91
  86
 153
  94
  85
  80
  20
  82
  91
  64
  83
  47
 132
  77
  51
 112
  74
 125
 129
 130
 107
  63
  31
  67
  32
  82
 146
  43
  99
  59
  46
 131
 124
  72
  80
  81
  43
  14
  68
  76
  84
 121
  34
  47
  88
 140
 118
  98
  61
  40
  55
  66
  53
 114
  78
  52
  72
 111
 120
  22
  45
  53
  70
  60
  81
 112
 132
 132
 117
  80
  81
  90
  20
  47
  43
  23
  94
  72
  99
  78
  85
  45
 149
 149
  64
  62
 130
  64
  89
 170
  83
  65
  46
  48
  82
  63
  96
  67
  86
 120
  63
  65
  52
  37
 115
  93
  37
 109
  70
  45
 122
 116
  87
 102
 106
  96
  74
  85
  66
  91
 101
  80
  57
 107
  77
  68
  81
 140
  78
  92
  77
  99
 174
 133
  15
  16
  47
  71
 109
 113
 151
 130
  46
  76
  51
 100
  97
  75
  77
  95
  43
  39
   0
  37
  70
  72
  78
   8
  67
  61
 108
 104
  98
  63
 141
 135
  34
 107
  49
  30
  76
  91
  40
   6
  57
  13
  39
  50
  38
  80
  83
  92
 101
  76
  30
 107
  48
  92
 138
  34
 139
   0
 116
 106
  79
  53
  90
  87
 101
 104
  53
  84
  36
  29
  46
 116
  77
  77
  66
  88
  54
  43
  55
 141
  71
  87
  73
 119
  59
  93
  50
  36
 142
 120
 122
   6
  39
  33
  97
  59
  84
  74
 147
  89
  86
  85
  81
  45
  34
  80
  52
  64
  55
  46
 112
  75
  87
  69
  37
  65
  43
 121
 123
 168
  81
  60
  85
  87
  77
  78
 102
  48
 109
  82
  75
  46
 110
  60
  58
 120
 122
  80
 120
 124
 157
  81
  55
  52
  79
  76
  22
  81
 146
  78
 131
  82
  20
  58
 136
  31
  61
  94
  40
  86
 122
  64
  42
  92
  50
  73
  63
 114
 127
 108
 114
  65
 145
  47
  78
  63
  53
  63
  60
  13
  72
  59
  96
  65
 152
  84
 111
  73
 184
  96
  69
 143
  81
  43
  61
  17
  65
  71
  49
 138
  68
 109
  69
  93
 150
  73
  63
  91
  54
  12
  64
 100
  50
  90
  48
 127
  83
  17
  68
 105
 102
  83
  48
 127
  80
  89
 100
  97
  94
 100
  59
  34
 154
 129
  40
  83
  75
 117
  54
  93
  68
  91
  51
 145
  50
  79
  73
  87
  14
  25
  14
  62
  40
   2
 122
 113
 100
  74
  62
  62
 111
  97
  93
 120
  72
  60
  62
  79
  12
  64
  72
 105
  79
  73
 117
 100
  57
  29
  99
 115
  82
 172
 134
  91
  86
 118
  84
  49
  64
  78
  73
  36
  83
  36
 108
  42
 139
  38
  56
 100
  34
 142
   0
   7
 125
  75
  84
  60
  95
  74
  72
  56
 103
  13
 108
  55
  89
  85
 100
  65
 104
 105
  48
  19
  72
  60
  59
  39
 111
  68
  97
  44
  75
 129
 136
  35
  70
  93
 109
  78
 118
  60
  49
 103
  65
  48
  70
  88
  48
 160
  78
  86
  97
  74
  64
  78
 120
  23
 124
  59
 119
  44
  74
  20
  32
  78
  86
  71
 115
  58
  55
  83
  73
  29
  93
  30
  67
  56
  96
  86
 118
  65
 100
 102
 122
  62
  81
 113
  66
  89
  88
  63
  90
 100
  58
  74
 101
 140
  91
  46
  77
   5
  63
  97
  33
 105
  93
  23
  36
  88
  79
  19
 119
  81
 125
 100
  86
 108
  95
  57
 114
  24
 110
  55
  93
  72
 140
 128
 102
 175
  81
 137
  63
 111
 137
  80
   2
 141
 112
 124
  95
 104
  68
  49
 128
 183
  81
  34
  66
 108
 104
 101
  66
 117
  78
 113
 105
  18
  80
  25
 135
  78
 101
  39
  77
  44
 113
 155
  48
  31
 109
  10
  51
  71
  77
  72
 131
 137
  60
  85
  41
  86
  58
  75
  80
  38
  59
  35
  26
  60
  49
  54
  97
  57
  46
  87
  93
 113
   0
 103
  56
 102
 105
 114
 109
  72
  99
 118
  77
 150
 127
 100
  89
  78
  30
  79
  64
 112
  89
  49
 204
  35
  26
 143
  69
  88
  83
  73
  88
  99
  81
  62
  63
  69
  34
 112
  42
  37
  78
  42
  84
  75
   9
  18
  47
  82
  85
  97
  32
  45
 230
  75
  78
  76
  55
 101
  26
  50
  62
 149
  60
  61
  15
  72
  39
 145
  65
  79
 101
 109
  53
  28
  29
  36
  84
 104
  50
  72
  45
 107
  86
  85
  56
 132
 133
 138
  70
 120
  49
  71
  90
  48
  39
  53
  98
  94
  35
 116
  89
  69
  61
  14
 138
 117
  51
  67
 118
  99
  48
  26
 128
  93
  53
 166
 110
  67
  63
   8
  77
  46
  79
  40
 127
 114
  46
  87
  65
  64
 114
 127
  31
  94
  50
   5
   5
  66
  51
  61
  99
  71
  50
  39
 101
  47
  83
 116
  29
  68
  91
 101
  74
  44
  72
 122
  85
  59
  97
  67
  49
  95
  57
  76
  58
  96
  76
 106
 110
  81
 102
  88
  71
  64
 131
  61
  69
  33
  68
  51
  75
  59
 133
 136
  95
   1
  60
  30
  68
  73
  55
  57
  91
 118
  59
  84
  53
  95
  36
  63
  98
  86
  98
  61
  95
 137
 108
  81
 116
 123
  52
  83
  98
 130
 127
 153
  88
  61
  49
  61
  92
  24
  45
  54
 109
 101
  73
  54
 152
  54
 117
  78
 108
 141
  23
 124
  32
  41
  76
  74
 104
   2
 101
  90
  76
  92
  43
  89
  97
  25
  19
  94
  89
  55
  56
  29
  53
  75
 102
  79
  56
 110
  55
  65
  41
  58
  86
  55
  90
  59
 117
  45
 105
  56
  86
  55
  75
 103
  87
  73
   0
  61
  28
 110
  77
  67
  98
 131
 151
  76
  72
  74
  65
 135
  37
 107
  65
  34
  60
  83
  26
  89
  84
  65
 131
  88
  54
  60
  75
 106
  54
  69
  89
  63
  50
  44
 115
  98
  59
 107
 122
 113
  86
 102
  20
  93
  42
  88
  76
  90
  14
 113
  65
 159
  80
  60
  46
  62
 149
  40
  70
  45
  65
 131
 110
 136
  25
 108
 120
  35
 137
 154
 152
 117
 161
 115
  70
  32
  50
 101
  52
 138
  79
 116
  74
  90
  46
 105
 164
 118
 111
  84
  96
  87
  73
  78
  82
 113
  89
 110
  62
  96
  83
  32
  46
  89
  44
 117
 119
  71
  86
 112
  99
  77
  14
   5
 137
  62
  72
  85
 104
  58
  89
  47
  57
  98
  68
  80
 190
  61
 113
  71
 103
  67
 120
  82
  49
 124
  89
 106
   7
  82
  60
 158
  42
  87
 121
 149
  44
  83
  57
 106
  84
  65
  66
 164
  52
  82
  22
  66
  74
 112
  46
 160
 129
 121
  39
 108
 163
  86
  60
 132
 132
  97
  64
 107
  50
  74
  33
  57
 114
  59
  70
  66
  45
  63
  75
  76
  77
 103
  50
  57
  80
  76
 103
 131
  73
  88
  72
  39
  70
  64
  10
  68
  81
 105
  80
  85
  86
  90
 134
 102
  55
  21
   6
  42
 114
 106
  95
  77
  45
  36
 115
 103
  95
 164
  38
  30
  88
  38
  77
 139
  42
  47
  84
 108
  70
  37
   3
 145
 126
  91
  93
 165
  34
  72
  56
  32
  39
 114
  57
  45
  48
  96
  98
 104
  68
  41
  76
  68
  38
  55
  99
  95
  16
  41
  56
  94
  80
 173
  43
  66
  98
  99
 118
  54
  71
 109
  58
 120
  58
 151
  47
 117
  37
  74
 107
  12
  60
  56
  89
  15
  54
  69
