 165
 117
  61
 126
 169
 130
  72
 196
 123
  99
  72
 106
  30
 153
 123
  63
  59
 131
  76
  29
  90
  25
 140
 120
  41
  72
  70
 115
  95
  37
 101
 183
  75
  96
 129
 164
 145
  97
 153
 165
 238
  56
  65
 222
 136
 110
 175
 165
  89
  43
 140
 102
 180
   0
 212
 222
 184
 100
 106
 102
 152
 168
 190
 191
 100
  49
 140
 174
 104
  81
 188
  56
  66
  55
 113
 106
  53
 113
  99
 178
 130
  92
 213
 198
 111
 168
 116
  79
  90
 177
 153
 113
 109
 115
 211
  81
 102
  83
 182
 107
 202
  95
 229
  78
 199
  81
  73
  77
 207
  70
 196
  33
 104
 146
  71
  59
 196
 245
  91
 250
 134
 117
 162
 130
 194
  64
  88
  67
 149
 153
 211
  55
 126
  74
 104
 112
 116
  79
  99
 171
  90
 124
  55
 157
  81
 212
 269
  36
 135
 166
  76
  65
 186
 170
 102
 170
  85
 131
 189
 114
  82
  78
 146
 121
  95
 177
  41
  74
 115
 183
  66
 111
  76
 102
   8
  51
  85
  53
 247
  83
  82
  72
  81
 162
  77
  62
 112
 120
  99
  84
  46
 150
 112
  83
 147
  55
 100
 175
  48
 116
 167
 107
  98
 154
 155
  88
 176
 121
 129
 249
  79
 115
 208
  61
  97
  95
 113
 200
 114
  93
 130
   0
 210
 126
   0
 122
  66
 154
  82
 258
 156
  62
 172
  86
  72
 200
 128
 258
 151
 147
 142
  26
  82
  91
  71
  86
  41
 183
 132
 106
  47
 157
 222
 186
  58
  30
 187
 184
 126
  93
  93
 194
 211
 131
  80
  79
 104
  71
 122
  84
 121
  52
  74
 151
 163
 222
  98
  80
  59
  66
  88
 170
  89
  93
 176
 146
  99
  75
  70
  78
 115
 185
 179
 149
 168
 109
  96
 126
  64
  39
  93
  99
  97
 117
 136
 215
 136
 222
 112
 120
  48
 168
  86
 120
  63
  90
  74
 157
  93
  98
 189
 103
  68
 122
 116
  87
 105
 105
 135
  76
  85
 124
 133
 102
  79
 138
  77
  75
 141
 153
 113
 156
 121
 241
 179
  21
 118
 169
 114
 205
 147
 100
  65
 129
  75
  77
 143
  73
   0
  68
 121
  72
  90
  67
  74
 166
 104
 137
 176
  91
 196
 204
  55
 154
  68
  30
 124
 166
  17
  67
  92
  83
 144
 153
  60
 146
  62
  74
 129
 198
 218
 146
 106
 143
  70
  94
  87
 121
 143
 194
  97
  94
  44
  70
  76
 157
  77
 127
 118
 115
 114
  66
 195
  98
  87
  85
 108
 125
  88
  65
 192
 164
 122
  17
  49
  33
  97
 141
  99
 220
 138
  86
 138
 146
  74
 107
  64
  86
 106
 110
  87
  90
  42
  65
  59
 173
 173
 260
  60
 146
 120
 143
  87
 171
  71
 143
 109
 158
  75
 171
  58
  58
 179
 122
 132
 173
 230
 139
  52
  81
 125
  24
 169
 115
 203
 103
  62
 103
  61
  94
  96
 108
  92
  92
  75
 106
 105
 153
 195
 108
 162
 147
  80
  80
  88
 116
  66
 201
  65
 192
  96
 149
 114
 228
 148
  98
 183
 113
 111
  94
  79
  90
  81
 231
 157
  82
 139
 178
  97
 143
  54
  64
 135
  90
  86
 141
 169
 162
  61
 113
 142
 125
  98
 209
 127
  89
 109
 156
  94
 196
  86
  46
 217
 202
 162
 146
  54
 161
 125
  71
 251
  81
 123
  32
  32
  67
  69
  39
 201
 173
 108
 106
 137
 231
 121
  72
  94
 122
  99
 154
 175
  93
  73
 118
 152
  65
  74
 149
 119
 166
 181
 135
  84
  78
  69
 131
  73
  83
  79
  83
 160
  74
 120
 137
  80
 192
   0
 186
 103
 109
  60
 114
 151
  63
 143
  80
 108
  56
 161
 111
 132
  70
 148
 109
  76
  64
 150
 109
  59
  81
  98
 163
 127
  76
 115
 196
 186
  43
 100
 109
 141
 201
  84
 128
  65
 147
  93
 162
 146
  78
 124
  74
  94
 108
 176
 101
 172
  65
 162
  97
 109
  44
  89
 124
  94
  80
 161
  73
  85
 157
 123
  34
  89
  49
  67
  81
 104
 142
 187
  85
 162
 199
 171
 137
 103
  83
 119
 140
  75
 174
  90
  99
 154
 161
 126
  68
  89
 103
 105
  55
  79
  45
 159
  78
 179
 129
 102
 218
 137
  57
 114
  65
  90
  94
  94
 220
 204
 155
 246
  98
 154
 181
 169
 205
 220
 107
 104
  75
 196
 234
 134
 170
 134
 141
 194
 166
 134
 102
 179
  92
 185
  62
 135
 113
 255
  59
 106
 162
  88
 121
  79
 104
 132
 225
  38
 173
  44
  86
 125
  72
 103
  61
  84
  90
 112
  57
  93
 146
   0
 165
  67
 162
 131
 168
  72
 156
 136
 316
 149
 100
  89
  86
  59
 105
 111
 142
 340
  57
 217
  92
  97
  35
 154
 157
 131
  93
  63
  83
  81
 180
 108
 160
 149
  48
  25
  87
 136
 142
 115
 114
 167
 274
 124
 113
  83
 116
 224
  85
 123
  29
 108
 166
  80
  88
 139
 111
  97
  72
 116
 141
 104
  94
 157
 100
 171
 105
 182
 167
  70
 148
  94
  90
  71
 146
 154
 116
 104
 123
 101
  52
 208
 119
 162
 163
 124
  49
  87
 193
 129
  53
 206
 117
  44
  40
 159
  46
 127
  68
 200
 145
 197
  89
  86
 228
  56
  29
  15
 122
  68
  67
 181
  34
 177
 176
  62
 116
 116
  62
 178
 170
  91
 230
 149
  69
 116
  49
  95
 108
  93
  62
 182
 172
  88
 100
 104
  94
 223
 109
  99
  70
  68
 104
  70
 187
 182
 127
  40
 147
  75
  94
 100
  91
 118
 145
  64
  68
  98
 146
 173
 108
 190
 140
 133
 166
 172
 175
 114
 140
 162
 184
 155
 177
 156
  88
 103
 192
  47
  45
  56
 175
 156
  85
 212
  79
 169
 155
 216
  50
  99
  87
 181
  65
 127
 137
 118
  94
  41
 132
 108
  85
 143
  56
  92
 113
  55
  86
 211
 102
  77
  48
 128
  88
 146
  55
 175
  44
 106
 124
  57
  75
 125
 119
  53
   0
 149
  62
 145
 119
 100
 164
 236
 117
  74
  74
  79
 192
  40
  84
  75
  60
  97
  89
 129
 118
 193
 162
 100
  94
 170
  96
  93
  99
 102
  66
 227
 147
  78
 182
 149
 101
 166
 117
  59
 112
 121
 126
 192
 196
 109
  94
  72
 188
  59
  83
 117
 153
 197
 160
 143
 140
 165
  41
 235
 223
 193
 180
 137
  95
 165
  63
 179
  79
 133
  97
  74
 105
 181
 183
 200
 142
 149
 161
 173
  82
 113
  89
 110
  96
  98
  35
  60
  89
 203
 119
 156
 116
 163
  85
  77
  70
   9
 182
 122
 152
 189
  88
 156
  77
 154
  88
  84
 292
 127
  71
 151
 120
 148
 101
 211
 151
 137
  18
 108
 258
  55
 130
 165
 184
  40
  87
  87
 166
  62
 249
  97
  80
  46
  80
 179
 217
 177
 192
  85
 108
 218
  88
 166
 172
 116
 107
  85
  34
  87
 169
 115
 117
  76
  73
 119
  96
 107
 137
 100
  69
 165
  76
 103
 148
  88
  93
  56
 168
 147
  77
  81
  84
  53
  89
 159
  90
 251
  53
 128
 106
  90
 191
 181
 173
 217
  78
 146
 172
 167
  42
  92
  84
 123
  70
  68
  12
 187
  65
 152
 153
 111
 167
  23
 119
  84
  56
  59
 140
  89
  83
  77
  96
 158
 143
  78
 105
  75
 127
 129
  96
  66
 134
 111
  99
 212
  68
 141
 171
 101
 181
  67
 191
  75
 168
  95
 107
  99
  56
 131
  39
 133
