  57
  36
  25
  52
  81
  49
  62
  60
  30
  66
  30
  52
  27
  33
  40
  30
  60
  40
  57
  46
  39
  43
  39
  77
  69
  15
  63
   9
  63
  93
  43
   3
  40
  44
  43
  44
   7
  93
  59
  33
  43
  49
  69
  60
  25
  61
  37
  53
  58
  88
 101
  19
  37
  84
  58
  42
  47
  68
  78
  40
  54
  38
  57
  62
  81
   0
  79
  58
  22
  86
  37
  68
  81
  37
  48
  69
  56
  66
  56
  64
  50
  53
  69
  60
  62
  43
  64
  33
  99
  41
  24
  56
  39
  40
  32
  51
  83
  41
  46
  99
  73
  57
  65
  71
  34
  42
  86
  45
  47
  40
  30
  92
  58
  87
  45
  55
  52
  83
  18
  74
  58
  61
  59
  44
  62
  39
  49
  79
  37
  46
  38
  69
  38
  80
  27
  49
  31
  98
  36
  42
  68
  40
  41
  37
  57
  75
 105
  25
  86
  48
  62
  60
  38
  78
  31
  33
  25
  82
  39
  82
  60
  41
  79
  26
  65
  42
  30
  63
  60
  41
  37
  92
  53
  31
  62
  59
  40
  79
  51
  32
  90
 103
  68
  20
  16
  71
  63
  44
  17
  86
  62
  69
  68
  38
  67
  58
  80
  75
  42
  32
  50
  67
  43
  50
  69
  23
  16
  47
  71
  39
  17
  56
  48
  66
  50
  56
  52
  61
  36
  54
 108
  57
  68
  54
  35
  40
  30
  73
  28
  41
  45
  35
  63
  57
  32
  55
  17
  45
  80
  57
  48
  70
  33
  20
  60
  29
  55
  59
  79
  16
  46
  29
  60
  56
  53
  75
  44
  71
  55
  54
  97
  32
  47
  88
  42
  37
  46
  37
  33
  57
  38
  75
  51
  47
  29
  54
   0
  59
  91
  28
   0
  47
  65
  23
  92
  38
  54
 115
  32
  27
  11
  61
  40
  77
  36
  28
 105
  35
  61
  85
  71
  53
  63
  13
  43
  47
  33
  30
  51
  50
  78
  68
  57
  63
  36
  41
  57
  59
  61
  96
  81
  50
  50
  24
  49
  12
  14
  45
  91
  25
  60
  49
  36
  64
  77
  66
  64
  38
  23
  20
  58
  44
  44
  34
   9
  19
  61
  85
  87
  82
  29
  26
  28
  42
  35
  65
  26
  69
  61
  63
  73
  69
  46
  27
  38
  50
  39
  78
  60
  63
  75
  31
  58
  64
  42
  32
  16
  80
  47
  61
  41
  53
  60
 111
  92
  47
  47
  70
  38
  51
  93
  57
  31
  63
  40
  56
  49
  54
  56
  56
  54
  32
  48
  28
  34
  54
  56
  48
  26
  75
  49
  46
  66
  88
  59
  85
  43
  57
  39
  51
  69
  42
  55
  28
  58
  67
  29
  37
  63
  53
  44
  67
  84
  53
  56
  58
  60
  95
  76
  27
  13
  36
  51
  73
  68
  54
 105
  59
  34
  47
  47
  65
  40
  35
  57
  49
  70
  41
  13
   0
  55
  39
  34
  45
  70
  54
  56
  57
  45
  45
  64
  57
  89
 105
  12
  46
  28
  31
  51
  51
  41
   0
  23
  27
  49
  95
  72
  34
  87
  49
  51
  70
  61
  54
  16
  63
  25
  38
  47
  91
  35
  94
  66
  72
  56
  24
  44
  74
  51
  45
  73
  44
  81
  68
  58
  28
  41
  60
  66
  49
  47
  41
  52
  25
  15
  45
  75
  52
  52
  51
  66
  69
 101
  26
  46
  52
  76
  75
   4
  23
  19
  39
  66
  42
  48
 109
  67
  44
  59
  78
  27
  20
  47
  47
  45
  33
  63
  61
  36
  30
  26
  47
  32
  77
  97
 143
  43
  31
  39
  49
  70
  30
  65
  29
  60
  38
  43
  58
  31
  27
  67
  16
  36
  85
  56
  50
  95
  59
 100
  50
  42
  25
  29
  36
  43
   8
  25
  88
  51
  43
  47
  14
  53
  63
  62
  81
  37
  68
  30
  48
  77
  46
  42
  50
  19
  53
  60
  56
  77
  81
  75
  36
  57
  97
  39
  54
  70
  38
  18
  40
  32
  23
  55
  77
  47
 103
  75
  68
  51
 107
  50
  38
  65
  68
  32
  34
  71
  43
  34
  45
  47
  86
  51
  20
  72
  61
  60
  81
  44
  29
  56
  30
  59
  37
  46
  50
  19
  67
  30
  66
  74
  64
  22
  47
  52
  61
  39
  28
  70
  53
  45
  54
  63
  68
  83
  42
  17
  91
  87
  65
  52
  67
  38
  41
  41
  48
  22
  32
  98
  29
  48
  47
  54
  12
   3
  20
  40
  44
  23
  80
  75
  47
  36
  20
  28
  39
  72
  58
  79
  54
  44
  37
  63
  75
  29
  46
  77
  73
  38
  60
  46
  34
  33
  43
  58
  78
  94
  43
 119
  72
  63
  52
  75
  57
  45
  43
  37
  64
  26
  47
  50
  34
  76
  38
  98
  35
  65
  45
  33
  66
   0
  94
  63
  53
  55
  64
  56
  75
  29
  39
  62
  30
  61
  21
  62
  74
  48
  27
  54
  66
  20
  43
  46
  55
  40
  16
  52
  55
  37
  76
  63
  30
  52
  50
  60
  83
  29
  51
  39
  80
  65
  79
  15
  42
  51
  43
  42
  47
  56
  45
  54
  32
  42
  42
  51
  43
  37
  39
  66
  30
  78
  52
  67
  49
  33
  26
  35
  63
  38
  44
  79
  35
  30
  55
  55
  17
  21
  27
  24
  28
  35
  47
 109
  32
  59
  65
  70
  28
  39
  70
  44
  50
  42
  46
  76
  66
  21
  68
  41
  51
  78
  71
  79
  62
  28
  48
  60
  47
  56
  83
  51
  69
  39
  40
  28
  40
  53
  14
  59
  67
  53
  88
  63
  46
 117
  71
  68
  85
  32
  62
  45
  35
  38
  93
  74
  57
  54
 119
  34
  90
  40
  79
  59
  82
  30
  19
 106
  75
  92
  37
  75
  74
  52
  49
  81
 108
  44
  38
  57
  61
  58
  44
  39
  52
  55
  79
  59
  26
  26
  33
 116
  64
  64
  23
  51
  42
  61
 101
  43
  44
  31
  38
  89
  47
  61
  23
  33
  55
  97
  24
  55
  29
  49
  42
  66
  76
  32
  59
  37
  38
  32
  40
  48
  25
  35
  50
  61
  62
   0
  47
  49
  65
  51
  69
  58
  56
  52
 110
  33
  31
 134
  73
  59
  59
  34
  38
  69
  41
  48
  47
  37
 154
  15
  18
  98
  56
  71
  50
  37
  61
  81
  64
  32
  30
  36
  21
 101
  29
  56
  27
  54
  33
  22
  20
  62
  47
  53
  68
  33
  84
 118
  25
  41
  46
  59
  49
  24
  51
  94
  50
  26
  15
  48
  48
  68
  26
  65
  46
  53
  35
  31
  47
  22
  60
  50
  49
  48
  49
  54
  74
  49
  39
  37
  60
  69
  67
  22
  77
  42
  78
  74
  58
  70
  42
  28
  80
  16
  61
  65
  69
  25
  49
  81
  42
   9
  78
  42
  22
  49
  66
  71
  30
  23
  84
  32
  87
  51
  45
  32
  25
  24
  55
  45
  33
  61
  25
 104
  57
  22
  73
  63
  34
  49
  91
  73
  40
  52
  15
   4
  31
  37
  25
  63
  54
  53
  37
  62
  85
  13
  32
  50
  28
  54
  45
  46
  43
  48
  48
 107
  56
  32
  51
  28
  28
  47
  63
  46
  54
  31
  78
  40
  78
  69
  53
  64
  59
  44
  45
  40
  55
  80
  52
  46
  24
  41
  42
  43
  97
  68
  29
  62
  26
  23
  41
  39
  62
  38
  49
  58
  66
  24
  44
  33
  39
  33
  43
  60
  59
  64
  32
  61
  54
  70
  64
  67
  61
  46
  57
  71
  99
  51
  62
  72
  70
  55
  66
  57
  16
  40
  31
  80
  61
  47
  46
 121
  37
  84
  31
  69
  82
  28
  60
  34
  53
  49
  23
  41
  17
  49
  45
  53
  50
  67
  78
  31
  45
  43
  42
  23
  34
  65
  28
  27
  41
  76
  57
  41
  64
  55
  49
  62
  24
  46
  47
  37
  54
  45
  66
  29
  79
  30
  66
  29
  32
  45
  22
  55
  73
  47
  41
   0
  51
  16
  63
  52
  36
  46
  48
 100
  50
  47
  40
  59
  78
  21
  72
  54
  47
  27
  59
  32
  71
  54
  47
  85
  61
  36
  75
  39
  69
  53
  31
  49
  53
  31
  17
  62
  56
  44
  96
  57
  67
  35
  67
  65
  29
  36
  40
  63
  68
  46
  52
  88
  39
 106
  36
  50
  39
  46
  57
  85
  23
  20
  23
  27
  84
  66
  82
  30
  56
  56
  21
  82
  45
  79
  98
  81
  74
  54
  41
  57
  29
  79
  28
  99
  88
  53
  35
  51
  71
  67
  61
  83
  38
  54
  50
  32
  77
  28
  57
  37
  63
  42
  60
  38
  30
  15
  40
  52
  32
  80
  52
  61
  57
  83
  81
  35
  43
  11
   8
  88
  35
  32
  64
  81
  33
  67
  27
  61
  57
  39
  50
 115
  51
  57
  44
  48
  47
  73
  58
  15
  41
  90
  70
  35
   2
  32
  36
 105
  62
  34
  59
  86
  90
  18
  49
  47
  69
  55
  47
  41
  84
 122
  18
  49
  13
  18
  52
  63
 112
  52
  62
  43
  51
  47
  86
  39
  42
  14
  80
  25
 105
  42
  58
  39
  39
  40
  29
  54
  56
  35
  54
  44
  41
  39
  38
  35
  63
  70
  52
  49
  52
  34
  67
  65
  79
  71
  58
  37
  43
  19
  65
  36
  41
  39
  67
  47
  51
  52
  32
  55
  44
  80
  79
  86
  39
  12
  75
  74
  53
  42
  23
  52
  80
  81
  84
 104
  47
  25
  53
  55
  52
  78
  24
  56
  35
  48
  46
  47
  46
   7
  74
  47
  73
  55
  72
  81
  17
  46
  49
  12
  52
  65
  57
  27
  37
  46
  74
  52
  31
  50
  71
  34
  68
  28
  25
  59
  60
  34
  36
  15
  41
  72
  43
 114
  27
  22
  76
  62
  31
  93
  33
  41
  91
  38
  66
  38
 115
  45
  50
  41
  57
  32
  49
  20
  37
  28
  58
  12
  21
  41
