  36
  21
  28
  17
  45
  19
  23
  15
  51
  28
  66
  19
  15
  39
  53
  68
   9
  36
   7
  41
   6
  17
  18
  16
  15
  56
  17
  30
  23
  30
  28
  15
  23
  12
  37
  48
  58
  10
  28
  43
  87
  58
   0
  15
  14
  46
  27
  49
  35
  39
  26
  41
  18
  56
  14
  20
  20
  33
  34
  49
  33
  77
  16
  51
  46
  26
  24
  44
  43
  53
  48
  23
  33
  39
  40
  20
  27
  15
  34
  17
  35
  19
   7
  31
  33
  21
  32
  37
  21
  27
  31
  18
  17
  49
  34
  29
  29
  13
  24
  21
  28
  22
  57
  17
  32
  24
  30
  99
  29
  19
  22
  47
  31
  11
  16
  40
  32
  12
  23
  35
  45
  41
  25
   5
  32
  33
  40
  36
  17
  34
  40
  21
  65
  31
  24
  28
  33
  33
  29
  44
  26
  13
  63
  24
  25
  11
  45
  16
   6
  13
  17
  31
  21
  42
  38
  35
  15
  32
  59
  21
  31
  51
  16
   0
  28
   0
  23
  39
  23
  16
  29
  15
  34
  23
  18
  27
  26
   8
  18
  19
  36
  22
  50
  44
  21
  69
  33
  61
  28
  17
  33
  16
  12
  35
  51
  27
   9
  13
  37
  39
  31
   7
  42
  31
  11
  26
  23
  32
  48
  17
  36
  39
  13
  23
  31
  48
  18
  26
  38
  11
  25
  42
  42
  99
  31
  35
  48
  31
  43
  24
  36
  28
  39
  28
  24
  27
  25
  64
  35
  29
  27
  12
  30
  22
  45
  22
  15
  14
  47
  62
  30
  40
  27
  17
  51
  33
  35
  23
  25
  29
  46
  49
  43
  29
  26
   9
  18
  42
  32
  31
  19
  38
  13
  35
  23
  15
   0
  26
  28
  50
  30
  24
   8
  23
  23
 104
  43
  17
  10
  21
  14
  23
   4
   6
  26
  58
  16
  31
  42
  26
  42
  10
  31
  21
  24
  12
  15
  54
  11
  29
  40
  33
  33
  18
  11
  34
  37
  16
  26
  27
  35
  34
  51
  20
  26
  47
  25
  32
   3
  20
  11
  47
  20
  34
  30
  52
  43
  19
  16
  62
  32
  14
  29
  48
  47
  27
  26
  31
  13
  48
  27
  42
  35
  13
  32
  19
  23
  27
  30
  61
  67
  19
  17
  10
  11
  33
  34
   7
  31
  34
  17
  29
  32
  44
  24
  31
  25
  17
  25
  13
  37
  35
  61
  29
  43
  24
  19
  13
  25
  30
  35
  20
  49
  36
  32
  16
  23
  23
  34
  30
  23
  19
   9
  29
  56
  22
  38
  28
  38
  25
  34
  42
  24
   4
  29
  26
  31
  25
  18
  28
  15
  27
  31
  27
  21
  33
  42
  24
   7
   1
   3
  27
  17
   4
  26
  10
  22
  54
  17
  42
  29
  39
  18
  55
  18
  29
  25
  21
  51
  36
  45
  54
  31
  29
  44
  20
  55
  28
  28
   0
  33
  22
  17
  67
  55
  30
  35
  20
  57
  19
  45
  33
  16
  62
  16
  28
  20
  59
  26
  72
  14
  21
  21
  36
   6
  29
  41
  22
  20
  46
  24
  22
  33
  42
  13
  19
  17
  33
  20
  30
  31
  19
   8
  16
  49
  25
  25
  28
   8
  26
  14
  37
  57
  45
  22
  33
  25
  48
  50
  50
  35
  28
  33
  42
  33
 105
  27
  50
  38
  12
  26
  29
  20
  79
  11
  10
  47
  37
  29
  26
  86
  24
  30
  30
  50
  67
  21
  19
  72
  50
  56
  32
  17
  18
  19
  31
  32
  50
  16
  21
  46
  17
  22
  38
  27
  22
  23
  27
  35
  19
  25
  26
  40
  30
   9
  21
  18
  33
  16
  38
  22
  23
  26
  19
  21
  13
  27
  30
  49
   0
  30
  47
  26
  67
  33
  52
  32
  10
  32
  32
  29
   9
  42
  53
  49
  68
  27
  20
  21
  13
  55
  34
   7
  21
  50
  46
  23
  42
  32
  47
  27
   7
  38
  28
  33
  18
  12
  29
  12
  34
  29
  35
  45
  34
  57
  30
  16
  38
  58
  10
  44
  16
  22
  69
   8
  18
  16
  65
  31
  44
  25
  45
  25
  16
  33
  56
  27
  14
  20
  21
  26
  26
  58
  24
  37
  26
  22
  15
   2
  17
  29
  28
  40
  37
  13
  46
  68
  19
  27
  45
  19
  20
  31
  58
  20
  28
  14
  27
  33
  21
  40
  22
  40
  26
  30
 100
  63
  29
  31
  50
  54
   7
  26
  37
  18
  32
   8
  13
  17
  18
  31
  61
  26
  19
  19
  28
  49
  25
  29
  51
  32
  14
  28
  32
  40
  38
  12
  14
   3
  31
  28
  21
  15
  14
  22
  30
  12
  33
  42
  17
  16
  22
  25
  28
  26
  25
  25
  21
  33
  58
  37
  43
  28
  28
  16
  19
  26
  19
  15
   8
  57
  28
  29
  32
  18
  37
  36
   0
  34
  36
  40
  24
  19
  19
  13
   9
  29
  26
  30
  58
  14
  28
  18
  32
  23
  33
  32
  36
  46
  26
  12
  27
  78
  19
  16
  14
  27
  32
  28
  24
  34
  25
  25
  25
  22
  18
  54
  11
  15
  36
  51
  24
  15
  17
  49
  27
  22
  65
  33
  19
  26
  21
  51
  36
  31
  40
  48
  42
  40
  46
  11
  16
  18
  42
  31
  45
  32
  51
  48
  30
  23
  21
   6
   3
  41
  30
  37
  34
  33
  28
  33
  24
  22
  13
  39
  46
   1
  46
  21
  22
  44
  21
  65
  24
  28
  45
  11
  12
  41
  32
  35
  49
  38
  37
  32
  22
  21
  25
  15
  27
  36
  32
  37
  25
  31
  34
  13
  24
  19
  35
  48
  22
  30
  11
  20
  10
  34
  34
  60
  65
  43
  30
  24
  26
  59
  15
  38
  39
  27
  29
  19
  18
  47
  17
   4
  14
  45
  29
  10
  48
  30
  11
  20
  22
  26
  30
  26
  33
  31
  37
  27
  28
  13
  29
  23
  10
  41
  62
  26
  41
  22
  39
  15
  12
  51
  17
  34
  30
  30
  24
  23
  22
  21
  38
